1995,1,Jim Abbott*,/players/a/abbotji01.shtml,abbotji01,27,TOT,197.0,19%,1.7%,10.2%,7.6%,5.7%,23%,1.13,1.51,79%,20%,5.2%,15%,175,25,14%
1995,2,Jim Abbott*,/players/a/abbotji01.shtml,abbotji01,27,CHW,112.1,19%,2.1%,9.5%,7.4%,5.9%,24%,1.11,1.50,80%,19%,6.8%,18%,102,13,13%
1995,3,Jim Abbott*,/players/a/abbotji01.shtml,abbotji01,27,CAL,84.2,19%,1.1%,11.1%,7.9%,5.4%,22%,1.15,1.51,79%,22%,3.3%,12%,73,12,16%
1995,4,Kyle Abbott*,/players/a/abbotky01.shtml,abbotky01,27,PHI,28.1,29%,2.5%,17.2%,13.1%,6.6%,29%,0.86,1.17,67%,25%,8.1%,16%,34,4,12%
1995,5,Juan Acevedo,/players/a/aceveju01.shtml,aceveju01,25,COL,65.2,60%,5.2%,13.8%,6.9%,10.7%,38%,0.57,0.84,71%,21%,14.6%,24%,57,11,19%
1995,6,Mark Acre,/players/a/acrema01.shtml,acrema01,26,OAK,52.0,53%,3.0%,19.9%,11.9%,7.6%,35%,0.87,1.20,64%,21%,9.9%,15%,59,5,8%
1995,7,Terry Adams,/players/a/adamste01.shtml,adamste01,22,CHC,18.0,60%,0.0%,17.4%,11.6%,9.3%,36%,1.50,2.90,71%,25%,0.0%,13%,18,2,11%
1995,8,Rick Aguilera,/players/a/aguilri01.shtml,aguilri01,33,TOT,55.1,43%,2.7%,23.3%,5.8%,6.3%,30%,0.58,0.63,67%,26%,7.2%,16%,32,2,6%
1995,9,Rick Aguilera,/players/a/aguilri01.shtml,aguilri01,33,MIN,25.0,44%,2.0%,29.3%,6.1%,5.1%,25%,0.62,0.64,62%,22%,6.1%,15%,16,1,6%
1995,10,Rick Aguilera,/players/a/aguilri01.shtml,aguilri01,33,BOS,30.1,41%,3.2%,18.6%,5.7%,7.3%,35%,0.55,0.62,72%,29%,8.0%,17%,16,1,6%
1995,11,Pat Ahearne,/players/a/ahearpa01.shtml,ahearpa01,25,DET,10.0,35%,3.6%,7.3%,9.1%,9.1%,25%,1.65,1.89,80%,24%,11.8%,0%,10,0,0%
1995,12,Jose Alberro,/players/a/alberjo01.shtml,alberjo01,26,TEX,20.2,51%,2.0%,9.9%,11.9%,5.0%,19%,0.77,1.04,75%,27%,4.9%,7%,31,0,0%
1995,13,Tavo Alvarez,/players/a/alvarta01.shtml,alvarta01,23,MON,37.1,50%,1.2%,9.8%,8.1%,8.1%,30%,1.18,1.57,79%,27%,3.7%,13%,31,3,10%
1995,14,Wilson Alvarez*,/players/a/alvarwi01.shtml,alvarwi01,25,CHW,175.0,16%,2.7%,15.3%,12.1%,7.0%,32%,0.67,0.92,69%,24%,8.1%,19%,157,16,10%
1995,15,Brian Anderson*,/players/a/anderbr02.shtml,anderbr02,23,CAL,99.2,19%,5.5%,10.4%,6.9%,10.2%,40%,0.62,0.75,75%,21%,13.6%,17%,82,8,10%
1995,16,Scott Anderson,/players/a/andersc01.shtml,andersc01,32,KCR,25.1,52%,2.8%,5.5%,7.3%,11.9%,45%,0.62,0.71,83%,21%,6.5%,21%,19,3,16%
1995,17,Luis Andujar,/players/a/andujlu01.shtml,andujlu01,22,CHW,30.1,47%,3.1%,7.0%,10.9%,9.4%,46%,0.46,0.65,78%,21%,6.8%,16%,16,2,13%
1995,18,Kevin Appier,/players/a/appieke01.shtml,appieke01,27,KCR,201.1,41%,1.7%,22.2%,9.6%,7.0%,36%,0.85,1.18,65%,21%,6.3%,24%,155,20,13%
1995,19,Luis Aquino,/players/a/aquinlu01.shtml,aquinlu01,31,TOT,42.1,56%,3.0%,13.1%,6.5%,10.6%,37%,0.71,0.80,75%,26%,9.5%,30%,44,3,7%
1995,20,Luis Aquino,/players/a/aquinlu01.shtml,aquinlu01,31,MON,37.1,54%,2.3%,12.9%,6.4%,10.5%,38%,0.68,0.70,77%,26%,7.4%,33%,34,2,6%
1995,21,Luis Aquino,/players/a/aquinlu01.shtml,aquinlu01,31,SFG,5.0,68%,7.1%,14.3%,7.1%,10.7%,30%,1.00,2.67,68%,27%,22.2%,10%,10,1,10%
1995,22,Rene Arocha,/players/a/arochre01.shtml,arochre01,29,STL,49.2,50%,2.8%,11.6%,8.3%,8.8%,35%,0.98,1.44,72%,23%,8.5%,11%,46,3,7%
1995,23,Andy Ashby,/players/a/ashbyan01.shtml,ashbyan01,27,SDP,192.2,55%,2.1%,18.8%,7.8%,6.0%,27%,1.13,1.76,69%,17%,7.5%,13%,150,24,16%
1995,24,Paul Assenmacher*,/players/a/assenpa01.shtml,assenpa01,34,CLE,38.1,41%,1.9%,25.0%,7.5%,5.0%,25%,0.85,1.14,63%,22%,6.5%,16%,35,4,11%
1995,25,Pedro Astacio,/players/a/astacpe01.shtml,astacpe01,26,LAD,104.0,51%,2.8%,18.4%,6.7%,7.6%,32%,1.08,1.46,70%,19%,9.4%,16%,92,10,11%
1995,26,Joe Ausanio,/players/a/ausanjo01.shtml,ausanjo01,29,NYY,37.2,58%,5.2%,20.8%,13.3%,9.3%,38%,0.42,0.67,60%,28%,13.4%,15%,36,4,11%
1995,27,Steve Avery*,/players/a/averyst01.shtml,averyst01,25,ATL,173.1,15%,3.0%,19.5%,7.2%,8.4%,37%,0.90,1.14,69%,19%,9.5%,14%,87,6,7%
1995,28,Bobby Ayala,/players/a/ayalabo01.shtml,ayalabo01,25,SEA,71.0,38%,2.8%,24.1%,9.4%,9.1%,40%,1.13,1.39,61%,15%,11.1%,16%,57,5,9%
1995,29,Cory Bailey,/players/b/baileco01.shtml,baileco01,24,STL,3.2,67%,0.0%,33.3%,13.3%,0.0%,0%,0.60,0.50,53%,38%,0.0%,0%,3,0,0%
1995,30,Roger Bailey,/players/b/bailero01.shtml,bailero01,24,COL,81.1,57%,2.5%,9.2%,10.8%,10.0%,41%,1.01,1.61,75%,19%,8.1%,20%,73,13,18%
1995,31,Scott Baker*,/players/b/bakersc01.shtml,bakersc01,25,OAK,3.2,55%,0.0%,13.6%,22.7%,4.6%,20%,0.44,0.33,59%,46%,0.0%,22%,11,0,0%
1995,32,James Baldwin,/players/b/baldwja01.shtml,baldwja01,23,CHW,14.2,44%,7.4%,12.4%,11.1%,16.1%,41%,0.36,0.52,69%,32%,15.0%,11%,19,0,0%
1995,33,Scott Bankhead,/players/b/bankhsc01.shtml,bankhsc01,31,NYY,39.0,60%,5.1%,11.4%,9.1%,10.3%,41%,0.73,0.96,74%,22%,12.7%,11%,25,0,0%
1995,34,Willie Banks,/players/b/bankswi01.shtml,bankswi01,26,TOT,90.2,55%,3.3%,14.4%,13.5%,6.7%,27%,1.00,1.52,67%,20%,10.9%,15%,83,9,11%
1995,35,Willie Banks,/players/b/bankswi01.shtml,bankswi01,26,CHC,11.2,52%,6.9%,12.3%,16.4%,12.3%,33%,1.32,2.71,63%,21%,22.7%,0%,18,2,11%
1995,36,Willie Banks,/players/b/bankswi01.shtml,bankswi01,26,LAD,29.0,56%,1.5%,16.7%,11.6%,4.4%,17%,1.29,2.15,69%,19%,5.4%,12%,33,3,9%
1995,37,Willie Banks,/players/b/bankswi01.shtml,bankswi01,26,FLA,50.0,56%,3.2%,13.7%,13.7%,6.4%,33%,0.78,1.14,67%,20%,10.1%,20%,32,4,13%
1995,38,Brian Barber,/players/b/barbebr02.shtml,barbebr02,22,STL,29.1,63%,3.1%,20.8%,12.3%,6.2%,26%,0.46,0.64,64%,31%,8.0%,15%,36,1,3%
1995,39,Brian Bark*,/players/b/barkbr01.shtml,barkbr01,26,BOS,2.1,50%,0.0%,0.0%,12.5%,0.0%,0%,0.75,1.33,88%,29%,0.0%,25%,4,2,50%
1995,40,Shawn Barton*,/players/b/bartosh01.shtml,bartosh01,32,SFG,44.1,40%,1.7%,12.2%,10.5%,5.5%,27%,1.18,1.23,74%,15%,7.0%,31%,38,8,21%
1995,41,Jose Bautista,/players/b/bautijo01.shtml,bautijo01,30,SFG,100.2,60%,5.3%,10.0%,5.8%,12.2%,46%,0.69,0.98,76%,22%,14.3%,21%,67,1,1%
1995,42,Rod Beck,/players/b/beckro01.shtml,beckro01,26,SFG,58.2,51%,2.8%,16.5%,8.2%,5.1%,22%,0.53,0.73,70%,25%,7.6%,23%,45,2,4%
1995,43,Steve Bedrosian,/players/b/bedrost01.shtml,bedrost01,37,ATL,28.0,65%,4.7%,17.1%,9.3%,9.3%,30%,0.47,0.81,67%,27%,10.5%,8%,29,3,10%
1995,44,Tim Belcher,/players/b/belchti01.shtml,belchti01,33,SEA,179.1,40%,2.4%,12.0%,11.0%,8.2%,35%,0.66,0.82,74%,24%,6.6%,20%,135,13,10%
1995,45,Stan Belinda,/players/b/belinst01.shtml,belinst01,28,BOS,69.2,54%,1.8%,20.0%,9.8%,6.0%,33%,0.61,0.82,67%,23%,5.5%,25%,60,5,8%
1995,46,Alan Benes,/players/b/benesal01.shtml,benesal01,23,STL,16.0,50%,2.6%,26.3%,5.3%,6.6%,21%,0.43,0.80,63%,35%,6.5%,11%,17,0,0%
1995,47,Andy Benes,/players/b/benesan01.shtml,benesan01,27,TOT,181.2,45%,2.2%,21.1%,9.6%,7.4%,31%,0.55,0.60,66%,21%,6.3%,20%,138,5,4%
1995,48,Andy Benes,/players/b/benesan01.shtml,benesan01,27,SDP,118.2,52%,1.9%,24.3%,8.7%,6.6%,28%,0.65,0.76,64%,22%,6.3%,22%,88,5,6%
1995,49,Andy Benes,/players/b/benesan01.shtml,benesan01,27,SEA,63.0,33%,2.8%,15.5%,11.3%,8.9%,36%,0.41,0.40,69%,20%,6.5%,16%,50,0,0%
1995,50,Armando Benitez,/players/b/benitar01.shtml,benitar01,22,BAL,47.2,60%,3.6%,25.3%,16.7%,6.8%,41%,0.43,0.53,51%,16%,14.3%,33%,50,5,10%
1995,51,Erik Bennett,/players/b/benneer01.shtml,benneer01,26,CAL,0.1,0%,0.0%,0.0%,0.0%,0.0%,,0.00,0.00,100%,0%,,100%,0,0,
1995,52,Jason Bere,/players/b/bereja01.shtml,bereja01,24,CHW,137.2,46%,3.1%,16.5%,15.9%,6.9%,31%,0.58,0.73,63%,21%,9.4%,18%,140,6,4%
1995,53,Sean Bergman,/players/b/bergmse01.shtml,bergmse01,25,DET,135.1,39%,3.0%,13.7%,10.6%,7.8%,29%,0.96,1.38,71%,21%,9.5%,14%,133,19,14%
1995,54,Mike Bertotti*,/players/b/bertomi01.shtml,bertomi01,25,CHW,14.1,18%,7.5%,18.8%,13.8%,16.3%,57%,0.34,0.40,56%,27%,17.6%,11%,20,0,0%
1995,55,Andres Berumen,/players/b/beruman01.shtml,beruman01,24,SDP,44.1,57%,1.5%,20.3%,17.4%,2.9%,16%,1.12,1.25,59%,14%,7.1%,26%,41,2,5%
1995,56,Mike Bielecki,/players/b/bielemi01.shtml,bielemi01,35,CAL,75.1,43%,4.5%,13.5%,9.3%,7.5%,31%,0.67,0.84,71%,21%,12.8%,21%,66,5,8%
1995,57,Mike Birkbeck,/players/b/birkbmi01.shtml,birkbmi01,34,NYM,27.2,57%,1.9%,13.5%,1.9%,4.8%,23%,1.43,1.88,81%,16%,7.4%,23%,14,2,14%
1995,58,Bud Black*,/players/b/blackbu02.shtml,blackbu02,38,CLE,47.1,17%,3.7%,15.5%,7.3%,12.3%,43%,0.85,1.14,73%,22%,10.7%,15%,36,3,8%
1995,59,Willie Blair,/players/b/blairwi01.shtml,blairwi01,29,SDP,114.0,61%,2.3%,17.1%,9.3%,6.4%,28%,0.87,1.15,69%,17%,7.2%,16%,88,5,6%
1995,60,Ben Blomdahl,/players/b/blomdbe01.shtml,blomdbe01,24,DET,24.1,46%,4.4%,13.0%,11.3%,8.7%,28%,1.12,2.17,70%,29%,13.5%,10%,28,6,21%
1995,61,Doug Bochtler,/players/b/bochtdo01.shtml,bochtdo01,24,SDP,45.1,63%,2.8%,24.9%,10.5%,7.7%,37%,0.61,0.77,61%,18%,8.5%,17%,28,5,18%
1995,62,Brian Boehringer,/players/b/boehrbr01.shtml,boehrbr01,26,NYY,17.2,48%,5.1%,10.1%,22.2%,12.1%,50%,0.61,0.72,62%,23%,13.9%,12%,21,1,5%
1995,63,Joe Boever,/players/b/boevejo01.shtml,boevejo01,34,DET,98.2,44%,3.7%,15.3%,9.5%,9.5%,34%,0.56,0.75,69%,25%,8.9%,12%,96,7,7%
1995,64,Brian Bohanon*,/players/b/bohanbr01.shtml,bohanbr01,26,DET,105.2,30%,2.1%,13.3%,8.7%,9.5%,37%,1.02,1.45,75%,24%,6.4%,12%,87,11,13%
1995,65,Rod Bolton,/players/b/boltoro01.shtml,boltoro01,26,CHW,22.0,42%,3.7%,9.2%,12.8%,10.1%,33%,0.73,1.24,74%,26%,8.9%,8%,25,3,12%
1995,66,Ricky Bones,/players/b/bonesri01.shtml,bonesri01,26,MIL,200.1,43%,3.0%,8.8%,9.5%,8.4%,34%,0.69,0.92,78%,22%,7.3%,14%,162,22,14%
1995,67,Pedro Borbon*,/players/b/borbope02.shtml,borbope02,27,ATL,32.0,30%,1.4%,23.1%,11.9%,7.7%,38%,0.81,1.03,61%,22%,4.5%,8%,29,2,7%
1995,68,Toby Borland,/players/b/borlato02.shtml,borlato02,26,PHI,74.0,60%,0.9%,17.4%,10.9%,5.0%,21%,1.32,2.30,68%,19%,3.2%,7%,79,14,18%
1995,69,Joe Borowski,/players/b/borowjo01.shtml,borowjo01,24,BAL,7.1,67%,0.0%,10.0%,13.3%,0.0%,0%,1.09,1.25,77%,17%,0.0%,0%,6,0,0%
1995,70,Chris Bosio,/players/b/bosioch01.shtml,bosioch01,32,SEA,170.0,44%,2.4%,11.1%,9.0%,8.8%,32%,0.93,1.24,76%,24%,6.7%,13%,163,19,12%
1995,71,Shawn Boskie,/players/b/boskish01.shtml,boskish01,28,CAL,111.2,45%,3.2%,10.3%,5.1%,10.5%,41%,0.65,0.75,79%,18%,9.1%,27%,98,5,5%
1995,72,Ricky Bottalico,/players/b/bottari01.shtml,bottari01,25,PHI,87.2,61%,2.0%,24.9%,12.0%,4.0%,28%,0.84,1.02,59%,20%,7.4%,18%,61,6,10%
1995,73,Ryan Bowen,/players/b/bowenry01.shtml,bowenry01,27,FLA,16.2,47%,3.5%,17.7%,14.1%,8.2%,30%,0.78,1.33,64%,24%,10.3%,9%,27,2,7%
1995,74,Mark Brandenburg,/players/b/brandma01.shtml,brandma01,24,TEX,27.1,46%,4.1%,17.1%,5.7%,8.1%,28%,0.60,0.69,72%,26%,11.1%,22%,31,1,3%
1995,75,Jeff Brantley,/players/b/brantje01.shtml,brantje01,31,CIN,70.1,52%,3.9%,21.9%,7.1%,6.7%,36%,0.42,0.56,66%,23%,10.2%,21%,50,2,4%
1995,76,Billy Brewer*,/players/b/brewebi01.shtml,brewebi01,27,KCR,45.1,42%,4.3%,14.8%,9.6%,6.7%,26%,0.58,0.69,70%,24%,10.7%,13%,41,2,5%
1995,77,Jamie Brewington,/players/b/brewija01.shtml,brewija01,23,SFG,75.1,50%,2.4%,13.5%,13.5%,7.2%,35%,0.51,0.74,68%,23%,7.7%,32%,67,5,7%
1995,78,John Briscoe,/players/b/briscjo01.shtml,briscjo01,27,OAK,18.1,51%,4.0%,19.2%,21.2%,9.1%,36%,0.67,1.19,52%,37%,13.3%,9%,32,4,13%
1995,79,Doug Brocail,/players/b/brocado01.shtml,brocado01,28,HOU,77.1,57%,3.0%,11.5%,6.5%,7.7%,30%,0.94,1.26,78%,18%,8.5%,14%,54,7,13%
1995,80,Jeff Bronkey,/players/b/bronkje01.shtml,bronkje01,29,MIL,12.1,57%,0.0%,8.9%,10.7%,7.1%,27%,1.00,1.46,77%,22%,0.0%,38%,16,1,6%
1995,81,Kevin Brown,/players/b/brownke01.shtml,brownke01,30,BAL,172.1,43%,1.4%,16.6%,6.8%,5.4%,25%,1.51,2.43,73%,19%,5.7%,15%,118,22,19%
1995,82,Tom Browning*,/players/b/brownto05.shtml,brownto05,35,KCR,10.0,6%,4.1%,6.1%,10.2%,12.2%,46%,0.39,0.42,78%,22%,8.0%,11%,7,0,0%
1995,83,Jim Bruske,/players/b/bruskji01.shtml,bruskji01,30,LAD,10.0,62%,0.0%,11.1%,8.9%,6.7%,25%,2.50,4.00,78%,14%,0.0%,0%,9,1,11%
1995,84,Jim Bullinger,/players/b/bulliji01.shtml,bulliji01,29,CHC,150.0,53%,2.1%,14.0%,9.8%,7.1%,31%,0.95,1.25,71%,22%,6.3%,9%,118,10,8%
1995,85,Melvin Bunch,/players/b/bunchme01.shtml,bunchme01,23,KCR,40.0,42%,6.3%,10.9%,8.0%,11.4%,48%,0.44,0.55,75%,22%,12.6%,9%,14,0,0%
1995,86,Dave Burba,/players/b/burbada01.shtml,burbada01,28,TOT,106.2,60%,2.0%,21.3%,11.3%,6.4%,32%,0.81,1.00,65%,23%,6.9%,20%,86,9,10%
1995,87,Dave Burba,/players/b/burbada01.shtml,burbada01,28,SFG,43.1,61%,2.6%,24.1%,13.1%,6.8%,34%,0.51,0.61,59%,27%,8.5%,22%,43,2,5%
1995,88,Dave Burba,/players/b/burbada01.shtml,burbada01,28,CIN,63.1,59%,1.5%,19.2%,10.0%,6.2%,31%,1.07,1.34,69%,21%,5.6%,18%,43,7,16%
1995,89,Enrique Burgos*,/players/b/burgoen01.shtml,burgoen01,29,SFG,8.1,25%,2.3%,27.3%,13.6%,6.8%,21%,0.60,0.86,55%,40%,9.1%,27%,11,2,18%
1995,90,John Burkett,/players/b/burkejo03.shtml,burkejo03,30,FLA,188.1,51%,2.7%,15.6%,7.0%,8.8%,34%,1.01,1.56,73%,20%,8.9%,18%,161,27,17%
1995,91,Terry Burrows*,/players/b/burrote01.shtml,burrote01,26,TEX,44.2,33%,5.3%,10.6%,9.2%,9.2%,32%,0.69,0.76,74%,23%,15.1%,22%,49,6,12%
1995,92,Mike Butcher,/players/b/butchmi01.shtml,butchmi01,30,CAL,51.1,56%,3.1%,12.8%,13.7%,7.9%,37%,0.52,0.62,70%,17%,7.8%,16%,54,8,15%
1995,93,Paul Byrd,/players/b/byrdpa01.shtml,byrdpa01,24,NYM,22.0,59%,1.1%,28.6%,7.7%,7.7%,39%,1.55,2.08,62%,16%,5.9%,23%,17,2,12%
1995,94,Kevin Campbell,/players/c/campbke01.shtml,campbke01,30,MIN,9.2,49%,0.0%,12.8%,12.8%,2.6%,13%,0.75,1.00,74%,24%,0.0%,6%,8,2,25%
1995,95,Tom Candiotti,/players/c/candito01.shtml,candito01,37,LAD,190.1,56%,2.2%,17.4%,7.1%,6.9%,30%,1.03,1.37,71%,18%,7.3%,15%,145,18,12%
1995,96,John Cangelosi*,/players/c/cangejo01.shtml,cangejo01,32,HOU,1.0,25%,0.0%,0.0%,25.0%,0.0%,,2.00,2.00,75%,33%,0.0%,0%,1,0,0%
1995,97,Rafael Carmona,/players/c/carmora01.shtml,carmora01,22,SEA,47.2,43%,3.9%,12.2%,14.8%,10.9%,46%,0.81,1.21,68%,23%,11.3%,12%,49,6,12%
1995,98,Giovanni Carrara,/players/c/carragi01.shtml,carragi01,27,TOR,48.2,35%,4.4%,11.8%,10.9%,8.7%,31%,0.53,0.80,72%,27%,11.8%,23%,57,3,5%
1995,99,Hector Carrasco,/players/c/carrahe01.shtml,carrahe01,25,CIN,87.1,58%,0.3%,16.4%,11.8%,4.9%,22%,1.01,1.35,71%,22%,0.9%,15%,92,8,9%
1995,100,Andy Carter*,/players/c/cartean01.shtml,cartean01,26,PHI,7.1,25%,10.7%,21.4%,7.1%,10.7%,75%,0.58,0.78,57%,11%,30.0%,17%,4,1,25%
1995,101,Larry Casian*,/players/c/casiala01.shtml,casiala01,29,CHC,23.1,54%,0.9%,10.3%,14.0%,3.7%,17%,1.19,1.90,74%,19%,3.2%,14%,20,1,5%
1995,102,Frank Castillo,/players/c/castifr01.shtml,castifr01,26,CHC,188.0,57%,2.8%,17.0%,6.5%,5.9%,26%,0.91,1.10,72%,22%,8.5%,15%,136,11,8%
1995,103,Tony Castillo*,/players/c/castito02.shtml,castito02,32,TOR,72.2,31%,2.4%,12.8%,8.1%,6.4%,30%,0.56,0.67,75%,21%,6.4%,25%,65,7,11%
1995,104,Norm Charlton*,/players/c/charlno01.shtml,charlno01,32,TOT,69.2,32%,1.4%,24.7%,10.9%,3.2%,20%,1.05,1.19,60%,18%,5.3%,10%,63,8,13%
1995,105,Norm Charlton*,/players/c/charlno01.shtml,charlno01,32,PHI,22.0,36%,2.0%,11.8%,14.7%,3.9%,17%,1.03,1.04,68%,21%,6.7%,12%,26,4,15%
1995,106,Norm Charlton*,/players/c/charlno01.shtml,charlno01,32,SEA,47.2,30%,1.1%,31.9%,8.8%,2.8%,22%,1.06,1.30,56%,17%,4.3%,8%,37,4,11%
1995,107,Jason Christiansen*,/players/c/chrisja01.shtml,chrisja01,25,PIT,56.1,39%,2.0%,20.8%,13.3%,7.5%,39%,0.67,0.87,60%,15%,6.3%,18%,47,2,4%
1995,108,Mike Christopher,/players/c/chrismi02.shtml,chrismi02,31,DET,61.1,51%,3.1%,13.0%,5.3%,9.5%,35%,0.82,1.04,77%,18%,8.1%,13%,48,4,8%
1995,109,Mark Clark,/players/c/clarkma01.shtml,clarkma01,27,CLE,124.2,43%,2.4%,12.3%,7.6%,9.4%,36%,0.71,0.91,76%,22%,5.9%,12%,100,5,5%
1995,110,Terry Clark,/players/c/clarkte01.shtml,clarkte01,34,TOT,42.2,57%,1.6%,10.9%,10.9%,8.2%,35%,1.00,1.35,74%,18%,5.2%,16%,34,7,21%
1995,111,Terry Clark,/players/c/clarkte01.shtml,clarkte01,34,ATL,3.2,50%,0.0%,11.1%,27.8%,5.6%,33%,0.83,0.80,61%,18%,0.0%,0%,6,1,17%
1995,112,Terry Clark,/players/c/clarkte01.shtml,clarkte01,34,BAL,39.0,58%,1.8%,10.8%,9.0%,8.4%,35%,1.02,1.41,75%,18%,5.8%,17%,28,6,21%
1995,113,Roger Clemens,/players/c/clemero02.shtml,clemero02,32,BOS,140.0,44%,2.4%,21.2%,9.6%,6.6%,29%,0.80,1.01,64%,26%,7.8%,16%,108,6,6%
1995,114,Brad Clontz,/players/c/clontbr01.shtml,clontbr01,24,ATL,69.0,64%,1.7%,18.6%,7.5%,5.8%,24%,1.27,1.63,70%,17%,7.4%,25%,66,7,11%
1995,115,David Cone,/players/c/coneda01.shtml,coneda01,32,TOT,229.1,41%,2.5%,20.0%,9.2%,7.3%,36%,0.60,0.71,67%,22%,7.5%,23%,124,11,9%
1995,116,David Cone,/players/c/coneda01.shtml,coneda01,32,TOR,130.1,41%,2.2%,19.0%,7.6%,7.5%,35%,0.55,0.66,70%,20%,6.5%,25%,74,5,7%
1995,117,David Cone,/players/c/coneda01.shtml,coneda01,32,NYY,99.0,41%,2.9%,21.3%,11.3%,7.2%,37%,0.66,0.79,64%,23%,8.8%,19%,50,6,12%
1995,118,Jim Converse,/players/c/conveji01.shtml,conveji01,23,TOT,23.1,59%,1.8%,12.8%,14.7%,6.4%,25%,1.27,2.73,69%,27%,6.5%,6%,25,5,20%
1995,119,Jim Converse,/players/c/conveji01.shtml,conveji01,23,SEA,11.0,47%,3.6%,16.4%,14.6%,9.1%,31%,0.64,1.40,64%,34%,9.1%,0%,13,2,15%
1995,120,Jim Converse,/players/c/conveji01.shtml,conveji01,23,KCR,12.1,70%,0.0%,9.3%,14.8%,3.7%,17%,2.55,5.40,74%,20%,0.0%,18%,12,3,25%
1995,121,Dennis Cook*,/players/c/cookde01.shtml,cookde01,32,TOT,57.2,41%,3.5%,20.8%,10.2%,9.0%,37%,0.64,0.90,63%,21%,10.6%,17%,64,6,9%
1995,122,Dennis Cook*,/players/c/cookde01.shtml,cookde01,32,CLE,12.2,39%,4.8%,21.0%,16.1%,9.7%,38%,0.76,1.08,55%,18%,15.0%,5%,17,3,18%
1995,123,Dennis Cook*,/players/c/cookde01.shtml,cookde01,32,TEX,45.0,41%,3.1%,20.7%,8.3%,8.8%,36%,0.61,0.86,66%,21%,9.2%,21%,47,3,6%
1995,124,Rheal Cormier*,/players/c/cormirh01.shtml,cormirh01,28,BOS,115.0,24%,2.5%,14.1%,6.4%,7.8%,29%,1.08,1.75,75%,25%,7.4%,10%,113,23,20%
1995,125,Reid Cornelius,/players/c/cornere01.shtml,cornere01,25,TOT,66.2,52%,3.7%,13.0%,10.0%,8.6%,35%,0.92,1.15,71%,19%,11.7%,18%,60,5,8%
1995,126,Reid Cornelius,/players/c/cornere01.shtml,cornere01,25,MON,9.0,60%,7.0%,9.3%,11.6%,7.0%,27%,1.00,1.20,67%,9%,25.0%,20%,6,2,33%
1995,127,Reid Cornelius,/players/c/cornere01.shtml,cornere01,25,NYM,57.2,51%,3.1%,13.6%,9.7%,8.9%,36%,0.91,1.15,71%,21%,9.8%,17%,54,3,6%
1995,128,Brad Cornett,/players/c/cornebr01.shtml,cornebr01,26,TOR,5.0,44%,4.0%,16.0%,12.0%,12.0%,33%,1.29,2.33,64%,24%,16.7%,14%,7,2,29%
1995,129,Jim Corsi,/players/c/corsiji01.shtml,corsiji01,33,OAK,45.0,48%,1.1%,13.9%,13.9%,4.3%,26%,2.56,5.35,67%,14%,6.1%,8%,45,9,20%
1995,130,John Courtright*,/players/c/courtjo01.shtml,courtjo01,25,CIN,1.0,40%,0.0%,0.0%,0.0%,0.0%,0%,3.00,,80%,0%,0.0%,0%,2,0,0%
1995,131,Danny Cox,/players/c/coxda01.shtml,coxda01,35,TOR,45.0,49%,1.8%,17.4%,15.1%,7.8%,30%,0.67,0.81,65%,23%,6.0%,22%,52,5,10%
1995,132,Tim Crabtree,/players/c/crabtti01.shtml,crabtti01,25,TOR,32.0,45%,0.7%,14.9%,9.2%,5.0%,23%,1.44,2.00,74%,23%,2.5%,7%,25,3,12%
1995,133,Doug Creek*,/players/c/creekdo01.shtml,creekdo01,26,STL,6.2,33%,0.0%,41.7%,12.5%,4.2%,50%,0.57,1.00,46%,18%,0.0%,14%,6,1,17%
1995,134,John Cummings*,/players/c/cummijo01.shtml,cummijo01,26,TOT,44.1,33%,1.5%,12.8%,8.7%,7.2%,30%,0.62,0.74,75%,29%,3.7%,10%,36,2,6%
1995,135,John Cummings*,/players/c/cummijo01.shtml,cummijo01,26,SEA,5.1,17%,0.0%,13.3%,23.3%,6.7%,25%,0.38,0.50,60%,32%,0.0%,8%,8,1,13%
1995,136,John Cummings*,/players/c/cummijo01.shtml,cummijo01,26,LAD,39.0,36%,1.8%,12.7%,6.1%,7.3%,32%,0.65,0.78,78%,28%,4.3%,10%,28,1,4%
1995,137,Omar Daal*,/players/d/daalom01.shtml,daalom01,23,LAD,20.0,53%,1.0%,11.0%,15.0%,6.0%,21%,1.77,3.45,71%,22%,4.0%,4%,21,5,24%
1995,138,Ron Darling,/players/d/darliro01.shtml,darliro01,34,OAK,104.0,43%,3.3%,14.3%,9.5%,8.5%,33%,0.79,1.17,71%,23%,9.4%,14%,95,5,5%
1995,139,Danny Darwin,/players/d/darwida01.shtml,darwida01,39,TOT,99.0,37%,5.6%,13.0%,6.9%,11.6%,40%,0.58,0.90,73%,22%,13.4%,15%,89,14,16%
1995,140,Danny Darwin,/players/d/darwida01.shtml,darwida01,39,TOR,65.0,33%,4.3%,11.9%,7.9%,11.6%,39%,0.61,0.99,74%,23%,11.0%,19%,64,10,16%
1995,141,Danny Darwin,/players/d/darwida01.shtml,darwida01,39,TEX,34.0,43%,8.3%,15.2%,4.8%,11.7%,43%,0.53,0.76,71%,18%,17.6%,8%,25,4,16%
1995,142,Tim Davis*,/players/d/davisti01.shtml,davisti01,24,SEA,24.0,19%,1.7%,16.2%,15.4%,8.6%,33%,1.14,2.33,67%,25%,5.9%,8%,34,0,0%
1995,143,Scott Davison,/players/d/davissc01.shtml,davissc01,24,SEA,4.1,29%,4.8%,14.3%,4.8%,4.8%,14%,0.55,0.67,76%,29%,9.1%,0%,6,0,0%
1995,144,Jim Dedrick,/players/d/dedriji01.shtml,dedriji01,27,BAL,7.2,69%,2.9%,8.6%,17.1%,14.3%,63%,1.00,1.11,69%,12%,12.5%,33%,9,1,11%
1995,145,Jose DeLeon,/players/d/deleojo01.shtml,deleojo01,34,TOT,76.0,56%,3.6%,19.5%,10.5%,7.5%,37%,0.36,0.44,64%,24%,9.2%,20%,65,1,2%
1995,146,Jose DeLeon,/players/d/deleojo01.shtml,deleojo01,34,CHW,67.2,56%,3.4%,18.1%,9.6%,7.9%,38%,0.38,0.46,66%,23%,8.5%,20%,56,1,2%
1995,147,Jose DeLeon,/players/d/deleojo01.shtml,deleojo01,34,MON,8.1,60%,5.0%,30.0%,17.5%,5.0%,29%,0.18,0.30,45%,35%,15.4%,24%,9,0,0%
1995,148,Rich DeLucia,/players/d/delucri01.shtml,delucri01,30,STL,82.1,61%,2.6%,22.2%,10.5%,5.9%,32%,0.61,0.72,62%,24%,8.0%,16%,67,4,6%
1995,149,Jim Deshaies*,/players/d/deshaji01.shtml,deshaji01,35,PHI,5.1,13%,9.4%,18.8%,3.1%,18.8%,40%,0.71,1.00,69%,28%,27.3%,21%,4,0,0%
1995,150,John DeSilva,/players/d/desiljo01.shtml,desiljo01,27,BAL,8.2,39%,7.3%,2.4%,17.1%,12.2%,63%,0.48,0.92,68%,22%,17.6%,19%,6,2,33%
1995,151,John Dettmer,/players/d/dettmjo01.shtml,dettmjo01,25,TEX,0.1,50%,0.0%,0.0%,0.0%,0.0%,0%,0.33,0.00,100%,50%,0.0%,0%,3,0,0%
1995,152,Mark Dewey,/players/d/deweyma01.shtml,deweyma01,30,SFG,31.2,68%,1.5%,23.4%,12.4%,7.3%,33%,0.61,0.97,62%,27%,4.5%,19%,26,4,15%
1995,153,Rob Dibble,/players/d/dibblro01.shtml,dibblro01,31,TOT,26.1,51%,1.4%,18.2%,32.2%,2.8%,25%,0.76,0.96,44%,16%,7.1%,24%,29,1,3%
1995,154,Rob Dibble,/players/d/dibblro01.shtml,dibblro01,31,CHW,14.1,54%,1.3%,20.5%,34.6%,1.3%,14%,0.82,1.27,38%,16%,8.3%,29%,10,1,10%
1995,155,Rob Dibble,/players/d/dibblro01.shtml,dibblro01,31,MIL,12.0,48%,1.5%,15.4%,29.2%,4.6%,33%,0.70,0.73,51%,17%,6.3%,20%,19,0,0%
1995,156,Jerry Dipoto,/players/d/dipotje01.shtml,dipotje01,27,NYM,78.2,57%,0.6%,14.9%,8.8%,4.9%,21%,1.39,2.29,73%,20%,2.2%,12%,77,13,17%
1995,157,Glenn Dishman*,/players/d/dishmgl01.shtml,dishmgl01,24,SDP,97.0,20%,2.6%,10.2%,8.1%,8.3%,34%,0.83,1.20,77%,20%,7.3%,16%,69,8,12%
1995,158,John Doherty,/players/d/doherjo02.shtml,doherjo02,28,DET,113.0,48%,2.0%,9.2%,7.4%,7.4%,29%,0.96,1.24,80%,24%,5.9%,17%,97,13,13%
1995,159,Jim Dougherty,/players/d/doughji01.shtml,doughji01,27,HOU,67.2,64%,2.4%,16.7%,8.5%,6.8%,26%,1.35,2.53,70%,21%,8.9%,13%,63,11,17%
1995,160,Doug Drabek,/players/d/drabedo01.shtml,drabedo01,32,HOU,185.0,48%,2.3%,17.9%,6.8%,7.8%,30%,0.89,1.17,72%,20%,6.8%,13%,123,10,8%
1995,161,Matt Dunbar*,/players/d/dunbama01.shtml,dunbama01,26,FLA,7.0,47%,0.0%,11.1%,24.4%,4.4%,17%,1.00,2.20,58%,18%,0.0%,15%,14,1,7%
1995,162,Mike Dyer,/players/d/dyermi01.shtml,dyermi01,28,PIT,74.2,67%,2.8%,16.2%,9.2%,7.3%,30%,0.97,1.53,69%,18%,8.8%,14%,55,12,22%
1995,163,Dennis Eckersley,/players/e/eckerde01.shtml,eckerde01,40,OAK,50.1,37%,2.4%,18.9%,5.2%,8.0%,32%,0.59,0.67,73%,26%,6.3%,21%,42,5,12%
1995,164,Chris Eddy*,/players/e/eddych01.shtml,eddych01,25,OAK,3.2,36%,0.0%,9.1%,9.1%,4.6%,14%,1.80,3.50,64%,13%,0.0%,40%,8,0,0%
1995,165,Ken Edenfield,/players/e/edenfke01.shtml,edenfke01,28,CAL,12.2,63%,1.8%,10.7%,8.9%,8.9%,33%,0.96,1.29,79%,20%,4.8%,9%,10,3,30%
1995,166,Tom Edens,/players/e/edensto01.shtml,edensto01,34,CHC,3.0,89%,0.0%,11.1%,16.7%,16.7%,50%,1.17,6.00,72%,31%,0.0%,0%,2,0,0%
1995,167,Dave Eiland,/players/e/eilanda01.shtml,eilanda01,28,NYY,10.0,57%,2.0%,11.8%,5.9%,11.8%,38%,1.41,2.00,78%,24%,6.3%,6%,7,0,0%
1995,168,Joey Eischen*,/players/e/eischjo01.shtml,eischjo01,25,LAD,20.1,39%,1.1%,15.8%,11.6%,3.2%,16%,1.16,1.19,69%,15%,3.8%,16%,25,1,4%
1995,169,Cal Eldred,/players/e/eldreca01.shtml,eldreca01,27,MIL,23.2,50%,3.9%,17.3%,9.6%,5.8%,25%,0.58,0.59,67%,23%,15.4%,42%,13,0,0%
1995,170,Donnie Elliott,/players/e/elliodo01.shtml,elliodo01,26,SDP,2.0,56%,0.0%,33.3%,11.1%,11.1%,50%,4.00,,56%,20%,0.0%,0%,2,0,0%
1995,171,Alan Embree*,/players/e/embreal01.shtml,embreal01,25,CLE,24.2,25%,1.8%,20.7%,14.4%,6.3%,30%,0.49,0.70,61%,24%,5.4%,21%,32,2,6%
1995,172,John Ericks,/players/e/erickjo01.shtml,erickjo01,27,PIT,106.0,49%,1.5%,17.0%,10.6%,5.5%,24%,0.61,0.63,69%,19%,4.4%,22%,85,2,2%
1995,173,Scott Erickson,/players/e/ericksc01.shtml,ericksc01,27,TOT,196.1,38%,2.2%,12.7%,8.0%,8.3%,32%,1.48,2.56,76%,19%,8.4%,18%,154,28,18%
1995,174,Scott Erickson,/players/e/ericksc01.shtml,ericksc01,27,MIN,87.2,38%,2.8%,11.5%,8.2%,9.5%,36%,1.45,2.62,76%,18%,10.7%,18%,68,8,12%
1995,175,Scott Erickson,/players/e/ericksc01.shtml,ericksc01,27,BAL,108.2,37%,1.6%,13.7%,7.9%,7.2%,29%,1.50,2.51,76%,20%,6.3%,18%,86,20,23%
1995,176,Vaughn Eshelman*,/players/e/eshelva01.shtml,eshelva01,26,BOS,81.2,15%,0.8%,11.5%,10.1%,7.0%,29%,0.96,1.42,77%,29%,2.4%,12%,71,12,17%
1995,177,Shawn Estes*,/players/e/estessh01.shtml,estessh01,22,SFG,17.1,14%,2.6%,18.4%,6.6%,5.3%,25%,1.50,1.71,71%,13%,10.5%,14%,11,1,9%
1995,178,Bryan Eversgerd*,/players/e/eversbr01.shtml,eversbr01,26,MON,21.0,28%,2.1%,8.4%,9.5%,9.5%,41%,0.77,0.96,78%,25%,5.4%,14%,19,1,5%
1995,179,Hector Fajardo,/players/f/fajarhe01.shtml,fajarhe01,24,TEX,15.0,49%,3.0%,13.4%,7.5%,9.0%,32%,0.85,1.25,75%,19%,8.3%,11%,16,2,13%
1995,180,John Farrell,/players/f/farrejo03.shtml,farrejo03,32,CLE,4.2,33%,0.0%,19.1%,0.0%,4.8%,14%,1.29,1.00,76%,12%,0.0%,14%,4,1,25%
1995,181,Jeff Fassero*,/players/f/fasseje01.shtml,fasseje01,32,MON,189.0,15%,1.8%,19.7%,8.9%,7.4%,30%,1.20,1.73,67%,21%,6.6%,12%,155,13,8%
1995,182,Ramon Fermin,/players/f/fermira01.shtml,fermira01,22,OAK,1.1,56%,0.0%,0.0%,11.1%,0.0%,0%,1.00,1.00,89%,25%,0.0%,0%,1,0,0%
1995,183,Alex Fernandez,/players/f/fernaal01.shtml,fernaal01,25,CHW,203.2,46%,2.2%,18.5%,7.6%,7.0%,30%,0.67,0.90,71%,24%,5.9%,13%,156,17,11%
1995,184,Sid Fernandez*,/players/f/fernasi01.shtml,fernasi01,32,TOT,92.2,14%,5.0%,27.5%,9.5%,9.3%,44%,0.29,0.31,57%,21%,13.8%,24%,66,2,3%
1995,185,Sid Fernandez*,/players/f/fernasi01.shtml,fernasi01,32,BAL,28.0,10%,6.6%,22.6%,12.4%,13.1%,50%,0.29,0.37,58%,22%,17.3%,24%,25,1,4%
1995,186,Sid Fernandez*,/players/f/fernasi01.shtml,fernasi01,32,PHI,64.2,16%,4.2%,30.0%,8.0%,7.2%,40%,0.28,0.28,57%,20%,11.8%,25%,41,1,2%
1995,187,Mike Fetters,/players/f/fettemi01.shtml,fettemi01,30,MIL,34.2,47%,1.8%,20.3%,12.3%,8.0%,33%,1.06,1.62,64%,24%,7.0%,14%,28,1,4%
1995,188,Chuck Finley*,/players/f/finlech01.shtml,finlech01,32,CAL,203.0,14%,2.3%,22.2%,10.6%,7.2%,33%,0.99,1.39,64%,24%,7.5%,9%,160,20,13%
1995,189,Dave Fleming*,/players/f/flemida01.shtml,flemida01,25,TOT,80.0,23%,5.1%,10.7%,14.2%,9.4%,42%,0.61,0.80,69%,22%,13.4%,15%,69,4,6%
1995,190,Dave Fleming*,/players/f/flemida01.shtml,flemida01,25,SEA,48.0,22%,6.4%,11.2%,14.6%,10.7%,44%,0.61,0.80,67%,20%,16.0%,10%,43,1,2%
1995,191,Dave Fleming*,/players/f/flemida01.shtml,flemida01,25,KCR,32.0,25%,2.8%,9.9%,13.5%,7.1%,37%,0.62,0.80,72%,25%,8.3%,24%,26,3,12%
1995,192,Paul Fletcher,/players/f/fletcpa01.shtml,fletcpa01,28,PHI,13.1,61%,3.1%,15.6%,14.1%,7.8%,33%,0.79,0.94,64%,23%,10.0%,17%,18,1,6%
1995,193,Don Florence*,/players/f/floredo01.shtml,floredo01,28,NYM,12.0,44%,0.0%,8.8%,10.5%,1.8%,6%,1.05,1.73,79%,26%,0.0%,5%,16,2,13%
1995,194,Bryce Florie,/players/f/floribr01.shtml,floribr01,25,SDP,68.2,56%,2.8%,23.5%,13.1%,4.5%,27%,1.92,2.94,58%,14%,14.8%,8%,54,8,15%
1995,195,Tim Fortugno*,/players/f/fortuti01.shtml,fortuti01,33,CHW,38.2,39%,4.3%,14.7%,11.7%,6.8%,37%,0.62,0.67,69%,18%,11.5%,16%,23,2,9%
1995,196,Tony Fossas*,/players/f/fossato01.shtml,fossato01,37,STL,36.2,52%,0.7%,27.6%,6.9%,5.5%,29%,0.70,0.79,63%,15%,2.4%,22%,20,3,15%
1995,197,Kevin Foster,/players/f/fosteke01.shtml,fosteke01,26,CHC,167.2,54%,4.6%,20.8%,9.3%,8.7%,41%,0.47,0.48,64%,23%,11.9%,17%,102,9,9%
1995,198,John Franco*,/players/f/francjo01.shtml,francjo01,34,NYM,51.2,16%,1.9%,19.3%,8.0%,7.0%,31%,1.10,1.31,69%,15%,6.3%,11%,41,6,15%
1995,199,John Frascatore,/players/f/frascjo01.shtml,frascjo01,25,STL,32.2,59%,2.0%,13.9%,10.6%,9.3%,36%,1.04,1.24,72%,19%,6.7%,17%,29,2,7%
1995,200,Willie Fraser,/players/f/frasewi01.shtml,frasewi01,31,MON,25.2,54%,5.3%,10.5%,7.9%,8.8%,40%,0.80,0.81,73%,18%,15.4%,20%,19,2,11%
1995,201,Marvin Freeman,/players/f/freemma02.shtml,freemma02,32,COL,94.2,50%,3.4%,14.0%,9.4%,8.9%,32%,0.91,1.20,71%,19%,10.5%,14%,89,10,11%
1995,202,Steve Frey*,/players/f/freyst01.shtml,freyst01,31,TOT,28.1,50%,1.7%,11.6%,8.3%,5.8%,27%,0.82,1.15,74%,20%,4.8%,16%,25,3,12%
1995,203,Steve Frey*,/players/f/freyst01.shtml,freyst01,31,TOT,17.0,45%,3.1%,10.8%,6.2%,7.7%,50%,0.58,0.76,77%,19%,8.0%,24%,13,1,8%
1995,204,Steve Frey*,/players/f/freyst01.shtml,freyst01,31,SFG,6.1,41%,3.5%,17.2%,6.9%,10.3%,43%,0.91,1.33,69%,18%,12.5%,27%,9,0,0%
1995,205,Steve Frey*,/players/f/freyst01.shtml,freyst01,31,SEA,11.1,55%,0.0%,12.5%,10.7%,3.6%,13%,1.29,2.38,70%,21%,0.0%,0%,12,2,17%
1995,206,Steve Frey*,/players/f/freyst01.shtml,freyst01,31,PHI,10.2,47%,2.8%,5.6%,5.6%,5.6%,67%,0.41,0.58,83%,19%,5.9%,23%,4,1,25%
1995,207,Rich Garces,/players/g/garceri01.shtml,garceri01,24,TOT,24.1,60%,0.9%,20.4%,10.2%,4.6%,20%,0.68,1.04,68%,32%,2.3%,2%,22,1,5%
1995,208,Rich Garces,/players/g/garceri01.shtml,garceri01,24,CHC,11.0,46%,0.0%,13.0%,6.5%,6.5%,27%,0.85,1.50,80%,32%,0.0%,5%,11,0,0%
1995,209,Rich Garces,/players/g/garceri01.shtml,garceri01,24,FLA,13.1,71%,1.6%,25.8%,12.9%,3.2%,14%,0.54,0.71,58%,32%,4.2%,0%,11,1,9%
1995,210,Mike Gardiner,/players/g/gardimi01.shtml,gardimi01,29,DET,12.1,42%,7.6%,10.6%,3.0%,16.7%,41%,0.73,1.80,74%,28%,17.9%,7%,15,0,0%
1995,211,Mark Gardner,/players/g/gardnma01.shtml,gardnma01,33,FLA,102.1,57%,3.1%,19.1%,9.4%,9.0%,38%,0.60,0.78,66%,22%,8.6%,16%,85,9,11%
1995,212,Brian Givens*,/players/g/givenbr01.shtml,givenbr01,29,MIL,107.1,16%,2.3%,15.2%,11.2%,8.5%,35%,1.16,1.75,70%,25%,7.6%,9%,79,12,15%
1995,213,Tom Glavine*,/players/g/glavito02.shtml,glavito02,29,ATL,198.2,19%,1.1%,15.5%,8.0%,5.5%,25%,0.97,1.40,74%,21%,3.5%,18%,155,26,17%
1995,214,Greg Gohr,/players/g/gohrgr01.shtml,gohrgr01,27,DET,10.1,49%,0.0%,29.3%,7.3%,7.3%,33%,0.47,1.22,61%,54%,0.0%,12%,9,3,33%
1995,215,Pat Gomez*,/players/g/gomezpa01.shtml,gomezpa01,27,SFG,14.0,33%,2.9%,21.4%,17.1%,5.7%,25%,1.33,2.00,59%,21%,13.3%,17%,15,0,0%
1995,216,Tom Gordon,/players/g/gordoto01.shtml,gordoto01,27,KCR,189.0,45%,1.4%,14.1%,10.6%,5.1%,21%,0.96,1.27,72%,23%,4.3%,11%,203,21,10%
1995,217,Jim Gott,/players/g/gottji01.shtml,gottji01,35,PIT,31.1,58%,1.4%,12.9%,8.2%,9.5%,37%,1.31,1.64,76%,16%,4.9%,16%,18,0,0%
1995,218,Mike Grace,/players/g/gracemi02.shtml,gracemi02,25,PHI,11.1,45%,0.0%,14.9%,8.5%,2.1%,10%,0.89,0.93,74%,22%,0.0%,17%,6,0,0%
1995,219,Joe Grahe,/players/g/grahejo01.shtml,grahejo01,27,COL,56.2,53%,2.3%,10.2%,10.2%,7.6%,29%,0.92,1.37,75%,22%,6.9%,16%,51,6,12%
1995,220,Tyler Green,/players/g/greenty01.shtml,greenty01,25,PHI,140.2,57%,2.4%,13.6%,10.6%,7.1%,28%,0.96,1.24,72%,20%,7.7%,16%,139,15,11%
1995,221,Tommy Greene,/players/g/greento01.shtml,greento01,28,PHI,33.2,50%,3.6%,14.4%,12.0%,12.6%,47%,0.39,0.47,67%,30%,8.5%,14%,29,2,7%
1995,222,Kenny Greer,/players/g/greerke01.shtml,greerke01,28,SFG,12.0,70%,4.9%,11.5%,8.2%,8.2%,33%,0.50,0.81,70%,25%,13.6%,21%,16,1,6%
1995,223,Jason Grimsley,/players/g/grimsja01.shtml,grimsja01,27,CLE,34.0,49%,2.4%,15.2%,19.4%,9.7%,43%,1.00,1.81,61%,23%,8.3%,8%,34,8,24%
1995,224,Buddy Groom*,/players/g/groombu01.shtml,groombu01,29,TOT,55.2,30%,2.9%,12.8%,11.7%,7.7%,26%,1.04,1.26,71%,24%,9.1%,11%,71,6,8%
1995,225,Buddy Groom*,/players/g/groombu01.shtml,groombu01,29,DET,40.2,28%,3.0%,11.3%,12.8%,6.9%,26%,0.94,1.15,71%,22%,9.0%,13%,53,4,8%
1995,226,Buddy Groom*,/players/g/groombu01.shtml,groombu01,29,FLA,15.0,35%,2.8%,16.9%,8.5%,9.9%,27%,1.41,1.67,72%,28%,9.5%,5%,18,2,11%
1995,227,Kevin Gross,/players/g/grosske01.shtml,grosske01,34,TEX,183.2,48%,3.3%,12.9%,10.8%,7.9%,33%,0.70,0.96,71%,22%,8.7%,13%,168,20,12%
1995,228,Matt Grott*,/players/g/grottma01.shtml,grottma01,27,CIN,1.2,36%,9.1%,18.2%,0.0%,36.4%,67%,0.50,,73%,56%,16.7%,0%,0,0,
1995,229,Eddie Guardado*,/players/g/guarded01.shtml,guarded01,24,MIN,91.1,32%,3.2%,17.3%,11.0%,6.8%,28%,0.44,0.56,67%,22%,8.3%,21%,71,2,3%
1995,230,Mark Gubicza,/players/g/gubicma01.shtml,gubicma01,32,KCR,213.1,44%,2.3%,9.0%,6.9%,7.5%,30%,1.13,1.53,80%,20%,7.0%,13%,154,21,14%
1995,231,Lee Guetterman*,/players/g/guettle01.shtml,guettle01,36,SEA,17.0,40%,1.2%,12.9%,12.9%,7.1%,29%,1.36,1.86,68%,18%,4.3%,8%,20,1,5%
1995,232,Eric Gunderson*,/players/g/gundeer01.shtml,gundeer01,29,TOT,36.2,45%,1.2%,17.4%,10.6%,10.6%,45%,1.00,1.45,68%,22%,3.9%,7%,31,4,13%
1995,233,Eric Gunderson*,/players/g/gundeer01.shtml,gundeer01,29,NYM,24.1,46%,1.9%,18.5%,7.8%,11.7%,48%,1.03,1.52,71%,20%,5.7%,5%,19,3,16%
1995,234,Eric Gunderson*,/players/g/gundeer01.shtml,gundeer01,29,BOS,12.1,45%,0.0%,15.5%,15.5%,8.6%,39%,0.94,1.33,62%,26%,0.0%,11%,12,1,8%
1995,235,Mark Guthrie*,/players/g/guthrma01.shtml,guthrma01,29,TOT,62.0,38%,2.2%,24.6%,9.2%,5.9%,24%,0.79,1.02,62%,20%,7.2%,13%,65,8,12%
1995,236,Mark Guthrie*,/players/g/guthrma01.shtml,guthrma01,29,MIN,42.1,39%,2.8%,26.5%,8.8%,6.6%,26%,0.76,1.19,60%,25%,9.3%,14%,47,8,17%
1995,237,Mark Guthrie*,/players/g/guthrma01.shtml,guthrma01,29,LAD,19.2,37%,1.1%,20.9%,9.9%,4.4%,21%,0.84,0.74,65%,11%,3.4%,9%,18,0,0%
1995,238,Juan Guzman,/players/g/guzmaju01.shtml,guzmaju01,28,TOR,135.1,44%,2.1%,15.2%,11.8%,7.3%,30%,0.75,0.96,70%,21%,6.3%,18%,109,10,9%
1995,239,John Habyan,/players/h/habyajo01.shtml,habyajo01,31,TOT,73.1,61%,0.6%,19.3%,8.7%,8.0%,37%,0.82,1.17,69%,23%,2.1%,18%,54,5,9%
1995,240,John Habyan,/players/h/habyajo01.shtml,habyajo01,31,STL,40.2,62%,0.0%,21.2%,9.1%,7.3%,38%,0.98,1.63,67%,25%,0.0%,24%,23,4,17%
1995,241,John Habyan,/players/h/habyajo01.shtml,habyajo01,31,CAL,32.2,60%,1.4%,17.1%,8.2%,8.9%,36%,0.68,0.80,71%,21%,3.6%,13%,31,1,3%
1995,242,Darren Hall,/players/h/hallda01.shtml,hallda01,30,TOR,16.1,48%,2.6%,14.3%,11.7%,5.2%,19%,1.48,2.17,71%,19%,11.1%,22%,17,2,12%
1995,243,Joey Hamilton,/players/h/hamiljo02.shtml,hamiljo02,24,SDP,204.1,56%,2.0%,14.5%,6.6%,5.2%,23%,1.32,1.83,74%,16%,7.6%,18%,166,22,13%
1995,244,Atlee Hammaker*,/players/h/hammaat01.shtml,hammaat01,37,CHW,6.1,39%,5.3%,7.9%,21.1%,5.3%,18%,1.08,2.20,61%,23%,20.0%,17%,12,2,17%
1995,245,Chris Hammond*,/players/h/hammoch01.shtml,hammoch01,29,FLA,161.0,17%,2.5%,18.5%,6.9%,8.6%,38%,0.91,1.25,70%,21%,7.9%,16%,132,12,9%
1995,246,Mike Hampton*,/players/h/hamptmi01.shtml,hamptmi01,22,HOU,150.2,20%,2.0%,17.9%,7.6%,5.9%,27%,1.24,1.76,70%,20%,7.6%,15%,116,12,10%
1995,247,Lee Hancock*,/players/h/hancole01.shtml,hancole01,28,PIT,14.0,35%,0.0%,11.1%,3.7%,1.9%,10%,2.46,2.70,83%,9%,0.0%,0%,13,3,23%
1995,248,Chris Haney*,/players/h/haneych01.shtml,haneych01,26,KCR,81.1,17%,2.1%,9.2%,9.8%,5.9%,26%,0.86,1.12,78%,23%,5.5%,12%,79,16,20%
1995,249,Greg Hansell,/players/h/hansegr01.shtml,hansegr01,24,LAD,19.1,59%,5.4%,14.0%,6.5%,9.7%,31%,0.75,1.37,71%,31%,13.5%,8%,16,1,6%
1995,250,Erik Hanson,/players/h/hansoer01.shtml,hansoer01,30,BOS,186.2,44%,2.1%,17.4%,7.4%,6.9%,29%,0.92,1.30,72%,27%,6.3%,13%,146,14,10%
1995,251,Tim Harikkala,/players/h/harikti01.shtml,harikti01,23,SEA,3.1,56%,5.6%,5.6%,5.6%,11.1%,29%,0.78,0.80,83%,19%,11.1%,0%,3,0,0%
1995,252,Mike Harkey,/players/h/harkemi01.shtml,harkemi01,28,TOT,127.1,44%,4.2%,9.8%,8.2%,9.6%,36%,0.66,0.87,76%,25%,10.3%,16%,83,5,6%
1995,253,Mike Harkey,/players/h/harkemi01.shtml,harkemi01,28,OAK,66.0,40%,4.1%,9.5%,10.5%,9.8%,39%,0.61,0.92,74%,30%,9.7%,13%,42,4,10%
1995,254,Mike Harkey,/players/h/harkemi01.shtml,harkemi01,28,CAL,61.1,49%,4.3%,10.1%,5.8%,9.4%,33%,0.71,0.82,79%,20%,11.0%,19%,41,1,2%
1995,255,Pete Harnisch,/players/h/harnipe01.shtml,harnipe01,28,NYM,110.0,54%,2.8%,17.8%,5.2%,9.3%,39%,0.68,0.80,73%,20%,7.1%,12%,66,5,8%
1995,256,Gene Harris,/players/h/harrige01.shtml,harrige01,30,TOT,23.0,61%,2.0%,13.1%,9.1%,3.0%,13%,0.83,1.12,74%,25%,6.1%,20%,20,1,5%
1995,257,Gene Harris,/players/h/harrige01.shtml,harrige01,30,PHI,19.0,63%,2.4%,11.0%,9.8%,3.7%,16%,0.88,1.24,76%,23%,7.7%,24%,17,1,6%
1995,258,Gene Harris,/players/h/harrige01.shtml,harrige01,30,BAL,4.0,47%,0.0%,23.5%,5.9%,0.0%,0%,0.57,0.60,65%,33%,0.0%,0%,3,0,0%
1995,259,Greg Harris,/players/h/harrigr02.shtml,harrigr02,31,MIN,32.2,41%,3.1%,13.1%,10.0%,12.5%,40%,0.82,1.18,73%,20%,9.6%,20%,37,3,8%
1995,260,Greg Harris,/players/h/harrigr01.shtml,harrigr01,39,MON,48.1,57%,2.9%,23.0%,7.8%,7.4%,33%,0.85,1.23,64%,19%,10.0%,18%,40,2,5%
1995,261,Dean Hartgraves*,/players/h/hartgde01.shtml,hartgde01,28,HOU,36.1,41%,1.3%,16.0%,10.7%,7.3%,37%,0.64,0.73,71%,20%,3.9%,23%,26,3,12%
1995,262,Mike Hartley,/players/h/hartlmi01.shtml,hartlmi01,33,TOT,14.0,64%,1.7%,10.3%,5.2%,5.2%,23%,0.42,0.75,76%,26%,3.6%,10%,11,1,9%
1995,263,Mike Hartley,/players/h/hartlmi01.shtml,hartlmi01,33,BOS,7.0,58%,3.0%,6.1%,6.1%,6.1%,25%,0.25,0.46,76%,26%,5.3%,5%,7,0,0%
1995,264,Mike Hartley,/players/h/hartlmi01.shtml,hartlmi01,33,BAL,7.0,72%,0.0%,16.0%,4.0%,4.0%,20%,0.73,1.29,76%,25%,0.0%,18%,4,1,25%
1995,265,Bryan Harvey,/players/h/harvebr01.shtml,harvebr01,32,FLA,0.0,67%,33.3%,0.0%,33.3%,33.3%,50%,1.00,,33%,50%,100.0%,0%,2,0,0%
1995,266,LaTroy Hawkins,/players/h/hawkila01.shtml,hawkila01,22,MIN,27.0,34%,2.3%,6.9%,9.2%,10.7%,36%,0.61,0.89,81%,28%,5.7%,21%,28,3,11%
1995,267,Jimmy Haynes,/players/h/hayneji01.shtml,hayneji01,22,BAL,24.0,59%,2.1%,23.4%,12.8%,4.3%,36%,0.57,0.58,61%,10%,6.7%,19%,15,2,13%
1995,268,Rick Helling,/players/h/helliri01.shtml,helliri01,24,TEX,12.1,44%,3.2%,8.1%,12.9%,6.5%,24%,0.88,1.00,73%,21%,8.3%,4%,18,3,17%
1995,269,Tom Henke,/players/h/henketo01.shtml,henketo01,37,STL,54.1,53%,0.9%,21.7%,8.1%,4.1%,21%,0.69,0.64,68%,24%,2.9%,22%,34,2,6%
1995,270,Mike Henneman,/players/h/hennemi01.shtml,hennemi01,33,TOT,50.1,48%,0.5%,21.0%,6.3%,4.9%,22%,0.75,0.89,71%,21%,1.4%,13%,39,3,8%
1995,271,Mike Henneman,/players/h/hennemi01.shtml,hennemi01,33,DET,29.1,45%,0.0%,20.3%,7.6%,5.1%,25%,0.91,1.29,71%,18%,0.0%,20%,22,2,9%
1995,272,Mike Henneman,/players/h/hennemi01.shtml,hennemi01,33,HOU,21.0,53%,1.2%,21.8%,4.6%,4.6%,19%,0.56,0.52,70%,26%,2.7%,5%,17,1,6%
1995,273,Butch Henry*,/players/h/henrybu01.shtml,henrybu01,26,MON,126.2,21%,2.1%,11.5%,5.3%,7.4%,29%,1.00,1.42,79%,21%,6.3%,15%,105,16,15%
1995,274,Doug Henry,/players/h/henrydo01.shtml,henrydo01,31,NYM,67.0,58%,2.6%,22.7%,9.2%,5.9%,33%,0.79,0.99,64%,19%,8.0%,13%,35,2,6%
1995,275,Dwayne Henry,/players/h/henrydw01.shtml,henrydw01,33,DET,8.2,32%,0.0%,19.2%,21.3%,4.3%,18%,0.50,0.70,57%,21%,0.0%,33%,14,0,0%
1995,276,Pat Hentgen,/players/h/hentgpa01.shtml,hentgpa01,26,TOR,200.2,44%,2.6%,14.8%,9.9%,8.0%,31%,0.65,0.83,72%,26%,7.6%,23%,195,16,8%
1995,277,Gil Heredia,/players/h/heredgi01.shtml,heredgi01,29,MON,119.0,58%,1.4%,14.5%,4.1%,4.9%,18%,1.14,1.44,77%,21%,4.3%,12%,69,7,10%
1995,278,Wilson Heredia,/players/h/heredwi01.shtml,heredwi01,23,TEX,12.0,48%,3.5%,10.3%,25.9%,6.9%,44%,0.26,0.50,57%,24%,9.5%,22%,11,2,18%
1995,279,Dustin Hermanson,/players/h/hermadu01.shtml,hermadu01,22,SDP,31.2,58%,5.3%,12.6%,14.6%,8.6%,37%,0.75,0.69,65%,11%,15.1%,12%,39,2,5%
1995,280,Jeremy Hernandez,/players/h/hernaje02.shtml,hernaje02,28,FLA,7.0,56%,5.6%,13.9%,8.3%,19.4%,58%,1.00,1.67,67%,15%,18.2%,15%,8,0,0%
1995,281,Roberto Hernandez,/players/h/hernaro01.shtml,hernaro01,30,CHW,59.2,44%,3.3%,30.9%,10.3%,7.0%,30%,0.65,0.90,53%,22%,12.0%,18%,62,3,5%
1995,282,Xavier Hernandez,/players/h/hernaxa01.shtml,hernaxa01,29,CIN,90.0,62%,2.1%,21.5%,7.9%,7.9%,33%,0.76,0.98,66%,26%,7.0%,21%,90,7,8%
1995,283,Orel Hershiser,/players/h/hershor01.shtml,hershor01,36,CLE,167.1,44%,3.1%,16.3%,7.5%,8.5%,38%,1.32,1.87,72%,20%,10.3%,8%,112,26,23%
1995,284,Bryan Hickerson*,/players/h/hickebr01.shtml,hickebr01,31,TOT,48.1,38%,3.4%,16.7%,11.7%,8.0%,28%,1.24,1.54,67%,21%,11.6%,8%,44,5,11%
1995,285,Bryan Hickerson*,/players/h/hickebr01.shtml,hickebr01,31,CHC,31.2,40%,2.1%,19.4%,10.4%,6.3%,25%,1.15,1.44,67%,23%,7.1%,9%,26,3,12%
1995,286,Bryan Hickerson*,/players/h/hickebr01.shtml,hickebr01,31,COL,16.2,35%,5.3%,12.6%,13.7%,10.5%,30%,1.38,1.71,67%,19%,18.5%,7%,18,2,11%
1995,287,Ken Hill,/players/h/hillke01.shtml,hillke01,29,TOT,185.0,49%,2.6%,12.0%,9.4%,8.7%,35%,1.02,1.46,74%,22%,8.1%,16%,163,22,14%
1995,288,Ken Hill,/players/h/hillke01.shtml,hillke01,29,STL,110.1,50%,3.3%,10.1%,9.1%,8.9%,35%,1.00,1.40,76%,22%,9.6%,14%,98,12,12%
1995,289,Ken Hill,/players/h/hillke01.shtml,hillke01,29,CLE,74.2,47%,1.5%,14.8%,9.9%,8.3%,35%,1.04,1.58,73%,23%,5.4%,20%,65,10,15%
1995,290,Sterling Hitchcock*,/players/h/hitchst01.shtml,hitchst01,24,NYY,168.1,17%,3.1%,16.8%,9.5%,7.2%,34%,0.64,0.80,69%,24%,8.6%,18%,135,13,10%
1995,291,Trevor Hoffman,/players/h/hoffmtr01.shtml,hoffmtr01,27,SDP,53.1,50%,4.6%,23.9%,6.4%,8.7%,40%,0.46,0.54,65%,20%,12.7%,23%,37,3,8%
1995,292,Darren Holmes,/players/h/holmeda01.shtml,holmeda01,29,COL,66.2,57%,1.1%,21.3%,9.8%,5.6%,27%,1.03,1.19,66%,16%,4.2%,24%,59,3,5%
1995,293,Mark Holzemer*,/players/h/holzema01.shtml,holzema01,25,CAL,8.1,44%,2.2%,11.1%,15.6%,4.4%,18%,1.50,2.33,67%,19%,9.1%,8%,12,1,8%
1995,294,Rick Honeycutt*,/players/h/honeyri01.shtml,honeyri01,41,TOT,45.2,52%,3.3%,11.7%,5.6%,5.0%,23%,1.04,1.25,77%,19%,10.3%,17%,32,6,19%
1995,295,Rick Honeycutt*,/players/h/honeyri01.shtml,honeyri01,41,OAK,44.2,51%,2.9%,12.1%,5.2%,4.0%,19%,1.06,1.29,78%,19%,9.1%,18%,30,6,20%
1995,296,Rick Honeycutt*,/players/h/honeyri01.shtml,honeyri01,41,NYY,1.0,67%,16.7%,0.0%,16.7%,33.3%,100%,0.67,0.50,67%,20%,33.3%,0%,2,0,0%
1995,297,Chris Hook,/players/h/hookch01.shtml,hookch01,26,SFG,52.1,67%,2.9%,16.7%,12.1%,7.1%,31%,0.61,0.84,66%,24%,9.1%,23%,60,4,7%
1995,298,John Hope,/players/h/hopejo01.shtml,hopejo01,24,PIT,2.1,67%,0.0%,9.5%,19.1%,4.8%,13%,0.71,0.67,57%,42%,0.0%,0%,6,0,0%
1995,299,Vince Horsman*,/players/h/horsmvi01.shtml,horsmvi01,28,MIN,9.0,33%,4.7%,9.3%,9.3%,11.6%,42%,1.46,2.83,72%,20%,15.4%,0%,10,1,10%
1995,300,Chris Howard*,/players/h/howarch02.shtml,howarch02,29,TEX,4.0,53%,0.0%,13.3%,6.7%,6.7%,33%,0.20,0.25,80%,25%,0.0%,10%,4,1,25%
1995,301,Steve Howe*,/players/h/howest01.shtml,howest01,37,NYY,49.0,37%,3.0%,12.2%,7.4%,8.7%,30%,1.28,1.90,74%,24%,9.9%,9%,45,5,11%
1995,302,John Hudek,/players/h/hudekjo01.shtml,hudekjo01,28,HOU,20.0,58%,3.6%,34.9%,6.0%,8.4%,37%,0.60,0.82,54%,22%,13.6%,27%,12,1,8%
1995,303,Joe Hudson,/players/h/hudsojo02.shtml,hudsojo02,24,BOS,46.0,58%,1.0%,14.2%,11.2%,4.9%,19%,1.14,1.57,71%,26%,3.1%,6%,44,6,14%
1995,304,Rick Huisman,/players/h/huismri01.shtml,huismri01,26,KCR,9.2,55%,4.6%,27.3%,2.3%,11.4%,36%,0.61,0.89,64%,29%,12.5%,11%,8,0,0%
1995,305,Edwin Hurtado,/players/h/hurtaed01.shtml,hurtaed01,25,TOR,77.2,44%,3.2%,9.6%,11.6%,7.8%,33%,0.93,1.18,74%,21%,9.6%,15%,72,6,8%
1995,306,Mike Ignasiak,/players/i/ignasmi01.shtml,ignasmi01,29,MIL,39.2,53%,2.7%,14.0%,12.4%,10.8%,39%,0.68,1.00,69%,28%,7.6%,18%,43,8,19%
1995,307,Jason Isringhausen,/players/i/isrinja01.shtml,isrinja01,22,NYM,93.0,47%,1.6%,14.3%,8.1%,3.9%,17%,1.20,1.44,75%,16%,5.6%,18%,59,11,19%
1995,308,Danny Jackson*,/players/j/jacksda02.shtml,jacksda02,33,STL,100.2,15%,2.1%,11.1%,10.3%,9.9%,38%,0.82,1.05,73%,22%,7.0%,25%,99,10,10%
1995,309,Michael Jackson,/players/j/jacksmi02.shtml,jacksmi02,30,CIN,49.0,63%,2.5%,20.5%,9.5%,8.0%,42%,0.80,1.02,67%,22%,9.1%,28%,27,2,7%
1995,310,Jason Jacome*,/players/j/jacomja01.shtml,jacomja01,24,TOT,105.0,17%,3.8%,10.6%,7.6%,11.0%,39%,0.64,0.86,77%,22%,9.2%,15%,93,9,10%
1995,311,Jason Jacome*,/players/j/jacomja01.shtml,jacomja01,24,NYM,21.0,13%,2.7%,10.0%,13.6%,15.5%,52%,0.58,0.72,72%,22%,6.7%,13%,24,2,8%
1995,312,Jason Jacome*,/players/j/jacomja01.shtml,jacomja01,24,KCR,84.0,18%,4.1%,10.7%,5.8%,9.6%,35%,0.66,0.89,79%,22%,10.0%,16%,69,7,10%
1995,313,Mike James,/players/j/jamesmi01.shtml,jamesmi01,27,CAL,55.2,59%,2.5%,15.2%,11.0%,6.3%,31%,0.87,1.17,69%,17%,8.1%,18%,50,6,12%
1995,314,Kevin Jarvis,/players/j/jarvike01.shtml,jarvike01,25,CIN,79.0,62%,3.7%,9.3%,9.0%,8.8%,34%,0.97,1.38,77%,21%,13.7%,33%,64,8,13%
1995,315,Doug Johns*,/players/j/johnsdo04.shtml,johnsdo04,27,OAK,54.2,27%,2.2%,10.9%,11.4%,6.6%,34%,1.27,1.70,72%,13%,8.1%,17%,42,7,17%
1995,316,Randy Johnson*,/players/j/johnsra05.shtml,johnsra05,31,SEA,214.1,11%,1.4%,34.0%,7.5%,6.1%,33%,0.81,0.97,56%,23%,5.3%,18%,130,6,5%
1995,317,Joel Johnston,/players/j/johnsjo06.shtml,johnsjo06,28,BOS,4.0,50%,5.6%,22.2%,16.7%,5.6%,50%,0.25,0.33,50%,20%,20.0%,38%,2,0,0%
1995,318,John Johnstone,/players/j/johnsjo07.shtml,johnsjo07,26,FLA,4.2,65%,4.4%,13.0%,8.7%,26.1%,86%,0.38,0.57,74%,22%,10.0%,23%,2,0,0%
1995,319,Bobby Jones,/players/j/jonesbo03.shtml,jonesbo03,25,NYM,195.2,55%,2.4%,15.1%,6.3%,8.5%,34%,0.84,1.18,74%,22%,6.8%,14%,151,16,11%
1995,320,Doug Jones,/players/j/jonesdo01.shtml,jonesdo01,38,BAL,46.2,44%,2.8%,19.9%,7.6%,8.5%,33%,0.92,1.51,68%,28%,9.2%,16%,42,5,12%
1995,321,Todd Jones,/players/j/jonesto02.shtml,jonesto02,27,HOU,99.2,55%,1.8%,21.7%,11.8%,6.1%,30%,1.07,1.32,62%,18%,7.5%,21%,83,4,5%
1995,322,Ricardo Jordan*,/players/j/jordari03.shtml,jordari03,25,TOR,15.0,37%,4.0%,13.2%,17.1%,9.2%,39%,0.70,0.94,63%,22%,12.5%,20%,21,1,5%
1995,323,Jeff Juden,/players/j/judenje01.shtml,judenje01,24,PHI,62.2,60%,2.2%,17.3%,11.4%,6.6%,34%,1.06,1.48,65%,18%,7.6%,11%,34,4,12%
1995,324,Scott Kamieniecki,/players/k/kamiesc01.shtml,kamiesc01,31,NYY,89.2,47%,2.1%,11.0%,12.5%,6.9%,33%,0.77,1.13,73%,27%,5.7%,15%,81,13,16%
1995,325,Matt Karchner,/players/k/karchma01.shtml,karchma01,28,CHW,32.0,57%,1.5%,17.5%,8.8%,5.1%,21%,0.73,0.97,72%,30%,3.9%,9%,36,3,8%
1995,326,Scott Karl*,/players/k/karlsc01.shtml,karlsc01,23,MIL,124.0,18%,1.8%,10.8%,9.1%,8.4%,33%,1.04,1.32,77%,24%,5.5%,14%,106,16,15%
1995,327,Ryan Karp*,/players/k/karpry01.shtml,karpry01,25,PHI,2.0,30%,0.0%,20.0%,30.0%,0.0%,0%,0.25,0.00,50%,20%,0.0%,25%,1,0,0%
1995,328,Jimmy Key*,/players/k/keyji01.shtml,keyji01,34,NYY,30.1,13%,2.2%,10.5%,4.5%,11.2%,38%,0.52,0.77,81%,26%,4.6%,11%,18,3,17%
1995,329,Brian Keyser,/players/k/keysebr01.shtml,keysebr01,28,CHW,92.1,46%,2.5%,11.9%,6.7%,9.9%,35%,0.98,1.49,78%,22%,6.8%,9%,82,10,12%
1995,330,Mark Kiefer,/players/k/kiefema01.shtml,kiefema01,26,MIL,49.2,53%,2.9%,19.6%,12.9%,7.7%,43%,0.59,0.77,65%,23%,8.6%,20%,34,7,21%
1995,331,Darryl Kile,/players/k/kileda01.shtml,kileda01,26,HOU,127.0,52%,0.9%,19.8%,12.8%,4.9%,25%,1.06,1.47,63%,20%,3.3%,13%,122,8,7%
1995,332,Kevin King*,/players/k/kingke01.shtml,kingke01,26,SEA,3.2,25%,0.0%,15.0%,5.0%,15.0%,43%,0.67,0.60,75%,33%,0.0%,11%,1,0,0%
1995,333,Scott Klingenbeck,/players/k/klingsc01.shtml,klingsc01,24,TOT,79.2,45%,5.9%,11.3%,11.3%,11.8%,44%,0.78,1.22,69%,20%,15.3%,8%,72,8,11%
1995,334,Scott Klingenbeck,/players/k/klingsc01.shtml,klingsc01,24,BAL,31.1,46%,4.4%,11.0%,13.1%,9.5%,41%,0.89,1.27,72%,20%,11.8%,7%,25,3,12%
1995,335,Scott Klingenbeck,/players/k/klingsc01.shtml,klingsc01,24,MIN,48.1,44%,6.8%,11.4%,10.2%,13.1%,45%,0.72,1.19,68%,19%,17.2%,8%,47,5,11%
1995,336,Dennis Konuszewski,/players/k/konusde01.shtml,konusde01,24,PIT,0.1,40%,0.0%,0.0%,20.0%,0.0%,0%,2.00,,60%,0%,,100%,3,0,0%
1995,337,Rick Krivda*,/players/k/krivdri01.shtml,krivdri01,25,BAL,75.1,17%,2.8%,16.6%,7.8%,10.7%,45%,0.53,0.62,71%,23%,8.3%,29%,55,7,13%
1995,338,Marc Kroon,/players/k/kroonma01.shtml,kroonma01,22,SDP,1.2,86%,0.0%,28.6%,28.6%,0.0%,0%,,,43%,0%,,,2,0,0%
1995,339,Bill Krueger*,/players/k/kruegbi01.shtml,kruegbi01,37,TOT,27.2,23%,3.7%,11.7%,5.8%,10.2%,28%,1.00,2.14,77%,25%,10.9%,15%,30,5,17%
1995,340,Bill Krueger*,/players/k/kruegbi01.shtml,kruegbi01,37,SDP,7.2,39%,2.4%,14.6%,9.8%,4.9%,15%,1.25,1.83,68%,23%,11.1%,25%,10,0,0%
1995,341,Bill Krueger*,/players/k/kruegbi01.shtml,kruegbi01,37,SEA,20.0,16%,4.2%,10.4%,4.2%,12.5%,32%,0.93,2.27,80%,26%,10.8%,12%,20,5,25%
1995,342,Mark Langston*,/players/l/langsma01.shtml,langsma01,34,CAL,200.1,16%,2.4%,16.5%,7.5%,7.8%,32%,0.81,1.12,72%,22%,7.1%,15%,171,14,8%
1995,343,Mark Lee*,/players/l/leema03.shtml,leema03,30,BAL,33.1,42%,3.4%,18.2%,12.2%,9.5%,45%,0.40,0.52,65%,21%,9.3%,25%,32,3,9%
1995,344,Dave Leiper*,/players/l/leipeda01.shtml,leipeda01,33,TOT,44.2,44%,2.6%,11.5%,10.0%,7.3%,36%,1.23,1.73,74%,20%,8.6%,12%,39,3,8%
1995,345,Dave Leiper*,/players/l/leipeda01.shtml,leipeda01,33,OAK,22.2,51%,2.9%,9.7%,12.6%,7.8%,35%,1.14,1.76,74%,24%,9.4%,14%,28,3,11%
1995,346,Dave Leiper*,/players/l/leipeda01.shtml,leipeda01,33,MON,22.0,35%,2.3%,13.6%,6.8%,6.8%,38%,1.34,1.70,75%,16%,7.7%,10%,11,0,0%
1995,347,Al Leiter*,/players/l/leiteal01.shtml,leiteal01,29,TOR,183.0,17%,1.9%,19.0%,13.4%,6.6%,33%,0.58,0.72,64%,22%,6.0%,24%,170,11,6%
1995,348,Mark Leiter,/players/l/leitema01.shtml,leitema01,32,SFG,195.2,56%,2.3%,15.8%,6.7%,7.6%,34%,0.69,0.94,72%,25%,6.9%,22%,136,17,13%
1995,349,Curt Leskanic,/players/l/leskacu01.shtml,leskacu01,27,COL,98.0,56%,1.7%,26.4%,8.1%,6.9%,34%,1.07,1.53,63%,21%,6.4%,13%,72,6,8%
1995,350,Richie Lewis,/players/l/lewisri01.shtml,lewisri01,29,FLA,36.0,57%,5.9%,21.1%,9.9%,11.8%,60%,0.76,1.21,61%,19%,18.0%,14%,18,2,11%
1995,351,Jon Lieber,/players/l/liebejo01.shtml,liebejo01,25,PIT,72.2,56%,2.1%,13.8%,4.3%,8.0%,25%,0.81,1.04,77%,19%,5.8%,14%,78,8,10%
1995,352,Derek Lilliquist*,/players/l/lillide01.shtml,lillide01,29,BOS,23.0,38%,6.8%,8.7%,8.7%,15.5%,59%,0.33,0.54,74%,29%,14.9%,23%,19,1,5%
1995,353,Jose Lima,/players/l/limajo01.shtml,limajo01,22,DET,73.2,40%,3.1%,11.6%,5.6%,8.8%,33%,0.66,0.84,78%,22%,7.8%,17%,58,7,12%
1995,354,Doug Linton,/players/l/lintodo01.shtml,lintodo01,30,KCR,22.1,43%,4.1%,13.3%,10.2%,9.2%,41%,0.87,1.26,70%,19%,13.8%,26%,22,2,9%
1995,355,Felipe Lira,/players/l/lirafe01.shtml,lirafe01,23,DET,146.1,40%,2.7%,14.0%,8.8%,8.5%,36%,0.66,0.86,73%,24%,7.1%,15%,135,13,10%
1995,356,Graeme Lloyd*,/players/l/lloydgr01.shtml,lloydgr01,28,MIL,32.0,39%,3.2%,10.2%,6.3%,4.7%,21%,1.17,1.65,80%,13%,10.5%,21%,27,4,15%
1995,357,Esteban Loaiza,/players/l/loaizes01.shtml,loaizes01,23,PIT,172.2,55%,2.8%,11.2%,7.2%,8.8%,33%,0.99,1.34,77%,19%,8.2%,14%,137,16,12%
1995,358,Kevin Lomon,/players/l/lomonke01.shtml,lomonke01,23,NYM,9.1,62%,0.0%,12.8%,10.6%,6.4%,18%,0.64,1.20,77%,44%,0.0%,5%,15,1,7%
1995,359,Brian Looney*,/players/l/loonebr01.shtml,loonebr01,25,BOS,4.2,21%,3.5%,6.9%,13.8%,13.8%,33%,0.40,0.50,72%,39%,6.7%,0%,11,1,9%
1995,360,Albie Lopez,/players/l/lopezal02.shtml,lopezal02,23,CLE,23.0,52%,4.4%,23.9%,7.6%,8.7%,47%,0.85,1.09,63%,15%,12.5%,6%,12,1,8%
1995,361,Andrew Lorraine*,/players/l/lorraan01.shtml,lorraan01,22,CHW,8.0,30%,0.0%,16.7%,6.7%,3.3%,33%,0.57,0.46,73%,14%,0.0%,29%,4,0,0%
1995,362,Bob Macdonald*,/players/m/macdoro01.shtml,macdoro01,30,NYY,46.1,38%,3.5%,20.3%,10.9%,7.9%,32%,0.81,1.21,64%,24%,10.8%,13%,42,6,14%
1995,363,Greg Maddux,/players/m/maddugr01.shtml,maddugr01,29,ATL,209.2,53%,1.0%,23.1%,2.9%,3.8%,20%,1.77,2.42,71%,17%,4.8%,17%,99,16,16%
1995,364,Mike Maddux,/players/m/maddumi01.shtml,maddumi01,33,TOT,98.2,52%,1.2%,16.9%,4.4%,8.6%,35%,1.03,1.64,77%,25%,3.5%,8%,78,9,12%
1995,365,Mike Maddux,/players/m/maddumi01.shtml,maddumi01,33,PIT,9.0,55%,0.0%,9.5%,7.1%,14.3%,43%,1.06,2.29,83%,17%,0.0%,12%,13,2,15%
1995,366,Mike Maddux,/players/m/maddumi01.shtml,maddumi01,33,BOS,89.2,52%,1.4%,17.7%,4.1%,7.9%,34%,1.02,1.58,76%,26%,3.9%,7%,65,7,11%
1995,367,Mike Magnante*,/players/m/magnami01.shtml,magnami01,30,KCR,44.2,41%,3.2%,14.7%,8.4%,5.8%,24%,0.86,1.17,72%,22%,9.8%,20%,45,5,11%
1995,368,Pat Mahomes,/players/m/mahompa01.shtml,mahompa01,24,MIN,94.2,47%,5.2%,15.8%,11.1%,9.9%,42%,0.55,0.79,67%,20%,13.7%,17%,82,10,12%
1995,369,Matt Mantei,/players/m/mantema01.shtml,mantema01,21,FLA,13.1,66%,1.6%,23.4%,20.3%,6.3%,33%,0.57,0.39,53%,11%,6.3%,24%,19,1,5%
1995,370,Josias Manzanillo,/players/m/manzajo01.shtml,manzajo01,27,TOT,33.1,62%,2.6%,16.2%,9.7%,7.8%,32%,0.69,0.85,69%,25%,6.9%,11%,31,2,6%
1995,371,Josias Manzanillo,/players/m/manzajo01.shtml,manzajo01,27,NYM,16.0,62%,4.1%,19.2%,8.2%,11.0%,44%,0.89,1.00,68%,21%,12.5%,14%,11,0,0%
1995,372,Josias Manzanillo,/players/m/manzajo01.shtml,manzajo01,27,NYY,17.1,62%,1.2%,13.6%,11.1%,4.9%,21%,0.54,0.75,69%,29%,2.9%,8%,20,2,10%
1995,373,Ravelo Manzanillo*,/players/m/manzara01.shtml,manzara01,31,PIT,3.2,50%,0.0%,6.3%,12.5%,0.0%,0%,0.50,0.50,75%,25%,0.0%,13%,7,0,0%
1995,374,Isidro Marquez,/players/m/marquis01.shtml,marquis01,30,CHW,6.2,58%,9.7%,25.8%,6.5%,9.7%,33%,1.00,1.75,55%,19%,33.3%,10%,4,0,0%
1995,375,Dave Martinez*,/players/m/martida01.shtml,martida01,30,CHW,1.0,40%,0.0%,0.0%,40.0%,0.0%,,0.50,0.50,60%,0%,0.0%,50%,3,0,0%
1995,376,Dennis Martinez,/players/m/martide01.shtml,martide01,41,CLE,187.0,41%,2.2%,12.8%,6.0%,6.4%,28%,1.07,1.39,77%,20%,6.7%,13%,121,14,12%
1995,377,Pedro Martinez,/players/m/martipe02.shtml,martipe02,23,MON,194.2,48%,2.7%,22.2%,8.4%,7.7%,38%,0.60,0.75,64%,23%,8.4%,23%,107,10,9%
1995,378,Pedro Martinez*,/players/m/martipe03.shtml,martipe03,26,HOU,20.2,48%,2.8%,15.6%,14.7%,8.3%,31%,0.89,1.14,63%,16%,10.3%,22%,30,1,3%
1995,379,Ramon Martinez,/players/m/martira02.shtml,martira02,27,LAD,206.1,57%,2.2%,16.1%,9.4%,6.5%,32%,0.87,1.19,71%,19%,7.6%,24%,147,19,13%
1995,380,T.J. Mathews,/players/m/mathet.01.shtml,mathet.01,25,STL,29.2,70%,0.8%,23.3%,9.2%,2.5%,14%,1.00,1.18,63%,19%,3.3%,21%,23,2,9%
1995,381,Terry Mathews,/players/m/mathete01.shtml,mathete01,30,FLA,82.2,58%,2.7%,21.7%,8.1%,7.8%,37%,0.56,0.68,66%,20%,7.6%,17%,60,6,10%
1995,382,Tim Mauser,/players/m/mauseti01.shtml,mauseti01,28,SDP,5.2,67%,0.0%,30.0%,30.0%,0.0%,0%,1.40,1.33,40%,8%,0.0%,0%,10,0,0%
1995,383,Brian Maxcy,/players/m/maxcybr01.shtml,maxcybr01,24,DET,52.1,52%,2.4%,8.1%,12.6%,6.1%,25%,1.79,2.29,75%,15%,10.2%,12%,73,9,12%
1995,384,Darrell May*,/players/m/mayda02.shtml,mayda02,23,ATL,4.0,0%,0.0%,4.8%,0.0%,4.8%,10%,0.58,0.83,95%,30%,0.0%,0%,7,1,14%
1995,385,Jamie McAndrew,/players/m/mcandja01.shtml,mcandja01,27,MIL,36.1,40%,1.3%,12.4%,7.8%,5.9%,24%,1.11,1.20,77%,28%,3.9%,11%,29,5,17%
1995,386,Kirk McCaskill,/players/m/mccaski01.shtml,mccaski01,34,CHW,81.0,55%,2.7%,13.7%,9.0%,6.0%,23%,1.28,1.71,72%,20%,9.8%,14%,79,11,14%
1995,387,Jeff McCurry,/players/m/mccurje01.shtml,mccurje01,25,PIT,61.0,64%,3.2%,9.6%,10.6%,9.9%,34%,0.99,1.42,73%,19%,10.0%,16%,55,10,18%
1995,388,Ben McDonald,/players/m/mcdonbe01.shtml,mcdonbe01,27,BAL,80.0,51%,2.9%,18.1%,11.1%,6.1%,31%,0.85,1.15,67%,24%,10.3%,24%,55,5,9%
1995,389,Jack McDowell,/players/m/mcdowja01.shtml,mcdowja01,29,NYY,217.2,42%,2.7%,16.9%,8.4%,7.4%,33%,0.74,0.85,71%,23%,7.5%,14%,161,13,8%
1995,390,Roger McDowell,/players/m/mcdowro01.shtml,mcdowro01,34,TEX,85.0,55%,1.4%,13.5%,9.4%,5.0%,21%,1.31,2.09,72%,26%,4.9%,11%,98,16,16%
1995,391,Chuck McElroy*,/players/m/mcelrch01.shtml,mcelrch01,27,CIN,40.1,39%,2.8%,15.2%,8.4%,9.0%,35%,0.77,0.79,72%,19%,8.2%,19%,42,2,5%
1995,392,Greg McMichael,/players/m/mcmicgr01.shtml,mcmicgr01,28,ATL,80.2,59%,2.4%,22.0%,9.5%,6.8%,36%,0.95,1.17,65%,16%,8.0%,13%,44,3,7%
1995,393,Craig McMurtry,/players/m/mcmurcr01.shtml,mcmurcr01,35,HOU,10.1,63%,0.0%,7.1%,16.1%,10.7%,40%,1.35,1.45,71%,12%,0.0%,18%,10,0,0%
1995,394,Rusty Meacham,/players/m/meachru01.shtml,meachru01,27,KCR,59.2,51%,2.3%,11.5%,7.3%,9.5%,35%,0.85,1.14,78%,25%,6.1%,13%,52,7,13%
1995,395,Jim Mecir,/players/m/mecirji01.shtml,mecirji01,25,SEA,4.2,29%,0.0%,14.3%,9.5%,4.8%,20%,1.00,2.67,76%,19%,0.0%,13%,1,1,100%
1995,396,Paul Menhart,/players/m/menhapa01.shtml,menhapa01,26,TOR,78.2,41%,2.6%,14.3%,13.4%,8.0%,39%,1.05,1.49,67%,16%,8.7%,11%,73,10,14%
1995,397,Jose Mercedes,/players/m/mercejo02.shtml,mercejo02,24,MIL,7.1,67%,2.4%,14.3%,19.1%,7.1%,25%,0.47,0.60,64%,36%,6.7%,21%,9,0,0%
1995,398,Kent Mercker*,/players/m/merckke01.shtml,merckke01,27,ATL,143.0,14%,2.6%,16.4%,9.8%,8.0%,36%,0.73,0.98,69%,21%,7.4%,15%,100,12,12%
1995,399,Jose Mesa,/players/m/mesajo01.shtml,mesajo01,29,CLE,64.0,44%,1.2%,23.2%,6.8%,2.8%,14%,1.15,1.48,67%,15%,5.2%,27%,51,8,16%
1995,400,Dan Miceli,/players/m/micelda01.shtml,micelda01,24,PIT,58.0,57%,2.7%,21.2%,10.6%,8.0%,34%,0.50,0.53,63%,20%,8.0%,23%,57,1,2%
1995,401,Alan Mills,/players/m/millsal01.shtml,millsal01,28,BAL,23.0,66%,3.4%,13.6%,15.3%,8.5%,33%,0.50,0.51,66%,23%,9.8%,24%,23,0,0%
1995,402,Mike Mimbs*,/players/m/mimbsmi01.shtml,mimbsmi01,26,PHI,136.2,19%,1.7%,15.4%,12.4%,6.3%,30%,0.90,1.14,68%,24%,5.3%,13%,145,14,10%
1995,403,Blas Minor,/players/m/minorbl01.shtml,minorbl01,29,NYM,46.2,61%,3.1%,22.4%,6.8%,9.4%,41%,0.87,1.14,65%,26%,10.9%,20%,32,2,6%
1995,404,Steve Mintz,/players/m/mintzst01.shtml,mintzst01,26,SFG,19.1,59%,4.2%,7.3%,12.5%,8.3%,31%,0.62,0.72,72%,20%,12.5%,29%,23,2,9%
1995,405,Angel Miranda*,/players/m/miranan01.shtml,miranan01,25,MIL,74.0,19%,2.4%,13.3%,14.5%,6.8%,28%,0.91,1.23,70%,22%,8.3%,24%,83,10,12%
1995,406,Dave Mlicki,/players/m/mlickda01.shtml,mlickda01,27,NYM,160.2,55%,3.3%,17.7%,7.8%,8.1%,35%,0.78,0.91,70%,19%,9.7%,15%,134,6,4%
1995,407,Mike Mohler*,/players/m/mohlemi01.shtml,mohlemi01,26,OAK,23.2,45%,0.0%,15.0%,18.0%,2.0%,13%,0.83,1.20,66%,21%,0.0%,14%,24,4,17%
1995,408,Rich Monteleone,/players/m/monteri01.shtml,monteri01,32,CAL,9.0,67%,2.8%,13.9%,8.3%,5.6%,25%,0.73,1.00,72%,11%,9.1%,27%,9,2,22%
1995,409,Jeff Montgomery,/players/m/montgje01.shtml,montgje01,33,KCR,65.2,41%,2.6%,17.8%,9.1%,5.5%,25%,1.02,1.45,68%,21%,8.2%,10%,70,13,19%
1995,410,Mike Moore,/players/m/mooremi01.shtml,mooremi01,35,DET,132.2,42%,3.8%,10.1%,10.8%,10.1%,36%,0.79,1.14,74%,25%,9.9%,11%,118,9,8%
1995,411,Ramon Morel,/players/m/morelra01.shtml,morelra01,20,PIT,6.1,48%,0.0%,13.0%,8.7%,0.0%,0%,2.40,3.00,74%,17%,0.0%,0%,8,3,38%
1995,412,Mike Morgan,/players/m/morgami01.shtml,morgami01,35,TOT,131.1,52%,2.2%,11.1%,6.2%,6.8%,28%,1.40,2.29,77%,21%,7.5%,10%,96,19,20%
1995,413,Mike Morgan,/players/m/morgami01.shtml,morgami01,35,CHC,24.2,39%,2.0%,15.0%,9.0%,7.0%,37%,1.40,2.63,71%,23%,7.1%,7%,13,3,23%
1995,414,Mike Morgan,/players/m/morgami01.shtml,morgami01,35,STL,106.2,55%,2.2%,10.3%,5.6%,6.7%,26%,1.40,2.23,79%,20%,7.5%,10%,83,16,19%
1995,415,Jamie Moyer*,/players/m/moyerja01.shtml,moyerja01,32,BAL,115.2,25%,3.7%,13.5%,6.2%,8.1%,33%,0.82,1.22,75%,22%,11.6%,25%,81,10,12%
1995,416,Terry Mulholland*,/players/m/mulhote01.shtml,mulhote01,32,SFG,149.0,18%,3.8%,9.8%,5.7%,8.1%,28%,0.92,1.39,79%,22%,10.6%,17%,141,14,10%
1995,417,Bobby Munoz,/players/m/munozbo01.shtml,munozbo01,27,PHI,15.2,57%,2.9%,8.6%,12.9%,10.0%,47%,1.08,1.35,71%,17%,9.5%,16%,14,3,21%
1995,418,Mike Munoz*,/players/m/munozmi01.shtml,munozmi01,29,COL,43.2,45%,4.3%,17.8%,13.0%,9.1%,35%,0.87,1.61,63%,27%,13.8%,13%,38,2,5%
1995,419,Oscar Munoz,/players/m/munozos01.shtml,munozos01,25,MIN,35.1,51%,3.7%,15.2%,10.4%,12.2%,50%,0.78,1.03,70%,17%,11.3%,21%,16,2,13%
1995,420,Rob Murphy*,/players/m/murphro01.shtml,murphro01,35,TOT,12.1,52%,5.2%,12.1%,13.8%,6.9%,29%,0.48,0.76,66%,23%,13.0%,15%,14,1,7%
1995,421,Rob Murphy*,/players/m/murphro01.shtml,murphro01,35,LAD,5.0,48%,8.7%,8.7%,13.0%,13.0%,50%,0.80,1.17,70%,6%,25.0%,20%,4,1,25%
1995,422,Rob Murphy*,/players/m/murphro01.shtml,murphro01,35,FLA,7.1,54%,2.9%,14.3%,14.3%,2.9%,13%,0.29,0.55,63%,36%,6.7%,12%,10,0,0%
1995,423,Matt Murray,/players/m/murrama01.shtml,murrama01,24,TOT,14.0,66%,5.7%,5.7%,11.4%,12.9%,43%,0.82,1.71,74%,25%,16.7%,14%,16,4,25%
1995,424,Matt Murray,/players/m/murrama01.shtml,murrama01,24,ATL,10.2,63%,6.5%,6.5%,10.9%,8.7%,40%,0.94,1.90,72%,19%,23.1%,19%,7,2,29%
1995,425,Matt Murray,/players/m/murrama01.shtml,murrama01,24,BOS,3.1,71%,4.2%,4.2%,12.5%,20.8%,46%,0.67,1.25,79%,35%,9.1%,8%,9,2,22%
1995,426,Mike Mussina,/players/m/mussimi01.shtml,mussimi01,26,BAL,221.2,41%,2.7%,17.9%,5.7%,8.6%,41%,0.62,0.76,73%,19%,7.3%,19%,102,14,14%
1995,427,Mike Myers*,/players/m/myersmi01.shtml,myersmi01,26,TOT,8.1,50%,2.4%,9.5%,16.7%,9.5%,36%,0.61,0.91,67%,17%,6.7%,17%,14,2,14%
1995,428,Mike Myers*,/players/m/myersmi01.shtml,myersmi01,26,FLA,2.0,33%,0.0%,0.0%,33.3%,0.0%,0%,0.20,0.50,67%,33%,0.0%,0%,5,1,20%
1995,429,Mike Myers*,/players/m/myersmi01.shtml,myersmi01,26,DET,6.1,55%,3.0%,12.1%,12.1%,12.1%,40%,0.77,1.14,67%,13%,10.0%,23%,9,1,11%
1995,430,Randy Myers*,/players/m/myersra01.shtml,myersra01,32,CHC,55.2,22%,2.9%,24.6%,11.7%,7.5%,37%,0.63,0.86,60%,23%,9.3%,17%,46,2,4%
1995,431,Chris Nabholz*,/players/n/nabhoch01.shtml,nabhoch01,28,CHC,23.1,47%,3.9%,20.2%,13.5%,8.7%,41%,1.03,2.06,62%,17%,14.8%,18%,18,2,11%
1995,432,Charles Nagy,/players/n/nagych01.shtml,nagych01,28,CLE,178.0,45%,2.6%,18.0%,7.9%,8.7%,35%,1.13,1.57,70%,22%,8.7%,12%,149,17,11%
1995,433,Jaime Navarro,/players/n/navarja01.shtml,navarja01,28,CHC,200.1,56%,2.3%,15.3%,6.7%,5.6%,24%,0.95,1.09,75%,21%,6.6%,12%,145,12,8%
1995,434,Denny Neagle*,/players/n/neaglde01.shtml,neaglde01,26,PIT,209.2,16%,2.3%,17.1%,5.1%,7.1%,28%,0.81,1.07,74%,18%,6.6%,16%,139,18,13%
1995,435,Jeff Nelson,/players/n/nelsoje01.shtml,nelsoje01,28,SEA,78.2,55%,1.3%,30.2%,8.5%,5.0%,28%,0.98,1.38,57%,20%,5.3%,17%,68,7,10%
1995,436,Robb Nen,/players/n/nenro01.shtml,nenro01,25,FLA,65.2,52%,2.2%,24.4%,8.2%,9.3%,42%,0.71,0.86,65%,23%,6.6%,15%,48,4,8%
1995,437,Rod Nichols,/players/n/nichoro02.shtml,nichoro02,30,ATL,6.2,74%,7.9%,7.9%,13.2%,23.7%,64%,0.87,1.29,71%,20%,23.1%,13%,5,0,0%
1995,438,Chris Nichting,/players/n/nichtch01.shtml,nichtch01,29,TEX,24.1,48%,0.8%,4.9%,10.7%,6.6%,22%,0.80,1.16,82%,33%,2.2%,18%,41,2,5%
1995,439,David Nied,/players/n/niedda01.shtml,niedda01,26,COL,4.1,63%,7.4%,11.1%,11.1%,14.8%,36%,0.50,0.43,70%,33%,18.2%,21%,10,0,0%
1995,440,C.J. Nitkowski*,/players/n/nitkoc.01.shtml,nitkoc.01,22,TOT,71.2,18%,3.3%,9.2%,10.4%,11.5%,42%,0.90,1.24,75%,19%,9.4%,15%,63,5,8%
1995,441,C.J. Nitkowski*,/players/n/nitkoc.01.shtml,nitkoc.01,22,CIN,32.1,19%,2.6%,11.7%,9.7%,9.7%,37%,0.80,1.11,73%,23%,7.5%,17%,26,2,8%
1995,442,C.J. Nitkowski*,/players/n/nitkoc.01.shtml,nitkoc.01,22,DET,39.1,17%,3.8%,7.1%,10.9%,13.0%,45%,0.99,1.36,77%,16%,10.9%,12%,37,3,8%
1995,443,Hideo Nomo,/players/n/nomohi01.shtml,nomohi01,26,LAD,191.1,55%,1.8%,30.3%,10.0%,5.1%,32%,0.66,0.79,56%,20%,6.9%,23%,103,4,4%
1995,444,Chad Ogea,/players/o/ogeach01.shtml,ogeach01,24,CLE,106.1,41%,2.5%,12.9%,6.6%,6.8%,32%,0.61,0.73,78%,23%,5.9%,14%,73,3,4%
1995,445,Omar Olivares,/players/o/olivaom01.shtml,olivaom01,27,TOT,41.2,61%,2.6%,11.3%,11.8%,7.7%,27%,1.07,1.70,72%,21%,8.2%,10%,43,7,16%
1995,446,Omar Olivares,/players/o/olivaom01.shtml,olivaom01,27,COL,31.2,63%,2.7%,9.9%,13.9%,7.3%,25%,1.08,1.66,72%,21%,8.5%,10%,37,7,19%
1995,447,Omar Olivares,/players/o/olivaom01.shtml,olivaom01,27,PHI,10.0,55%,2.3%,15.9%,4.6%,9.1%,36%,1.06,1.88,73%,21%,7.1%,13%,6,0,0%
1995,448,Darren Oliver*,/players/o/oliveda02.shtml,oliveda02,24,TEX,49.0,23%,1.4%,17.6%,14.4%,5.9%,28%,0.66,1.17,64%,22%,4.6%,24%,38,2,5%
1995,449,Gregg Olson,/players/o/olsongr01.shtml,olsongr01,28,TOT,33.0,54%,2.8%,14.9%,13.5%,7.1%,36%,1.28,1.75,68%,14%,11.1%,16%,23,3,13%
1995,450,Gregg Olson,/players/o/olsongr01.shtml,olsongr01,28,CLE,2.2,50%,7.1%,0.0%,14.3%,14.3%,40%,1.40,1.00,79%,8%,25.0%,20%,1,0,0%
1995,451,Gregg Olson,/players/o/olsongr01.shtml,olsongr01,28,KCR,30.1,54%,2.4%,16.5%,13.4%,6.3%,35%,1.26,1.88,67%,15%,9.4%,16%,22,3,14%
1995,452,Steve Ontiveros,/players/o/ontivst02.shtml,ontivst02,34,OAK,129.2,37%,2.2%,13.8%,6.8%,7.9%,31%,1.18,1.66,76%,22%,6.8%,10%,95,15,16%
1995,453,Mike Oquist,/players/o/oquismi01.shtml,oquismi01,27,BAL,54.0,63%,2.4%,10.6%,16.1%,7.8%,39%,0.65,0.71,70%,24%,7.0%,23%,61,2,3%
1995,454,Jesse Orosco*,/players/o/oroscje01.shtml,oroscje01,38,BAL,49.2,43%,2.0%,29.0%,13.5%,7.0%,50%,0.63,0.80,54%,19%,8.3%,28%,48,5,10%
1995,455,Donovan Osborne*,/players/o/osbordo01.shtml,osbordo01,26,STL,113.1,18%,3.6%,17.2%,7.1%,9.6%,41%,0.77,1.04,70%,23%,9.9%,13%,79,9,11%
1995,456,Antonio Osuna,/players/o/osunaan01.shtml,osunaan01,22,LAD,44.2,61%,2.7%,24.7%,10.8%,5.4%,26%,0.78,1.10,60%,20%,9.8%,20%,31,4,13%
1995,457,Lance Painter*,/players/p/paintla01.shtml,paintla01,27,COL,45.1,37%,4.6%,18.2%,5.1%,11.6%,42%,0.75,1.04,71%,20%,13.2%,18%,38,5,13%
1995,458,Vicente Palacios,/players/p/palacvi01.shtml,palacvi01,31,STL,40.1,58%,3.8%,18.5%,10.3%,9.2%,35%,0.77,0.84,65%,18%,13.2%,24%,36,3,8%
1995,459,Chan Ho Park,/players/p/parkch01.shtml,parkch01,22,LAD,4.0,56%,6.3%,43.8%,12.5%,12.5%,100%,0.75,1.50,38%,14%,25.0%,0%,2,0,0%
1995,460,Jose Parra,/players/p/parrajo01.shtml,parrajo01,22,TOT,72.0,45%,3.8%,10.6%,8.3%,9.4%,34%,1.01,1.42,76%,20%,11.8%,17%,69,8,12%
1995,461,Jose Parra,/players/p/parrajo01.shtml,parrajo01,22,LAD,10.1,53%,4.3%,14.9%,12.8%,6.4%,30%,0.74,1.00,66%,27%,14.3%,26%,6,1,17%
1995,462,Jose Parra,/players/p/parrajo01.shtml,parrajo01,22,MIN,61.2,44%,3.8%,9.9%,7.5%,9.9%,35%,1.05,1.50,78%,19%,11.5%,16%,63,7,11%
1995,463,Jeff Parrett,/players/p/parreje01.shtml,parreje01,33,STL,76.2,66%,2.4%,21.7%,8.5%,7.3%,34%,0.86,1.08,66%,21%,8.1%,17%,59,5,8%
1995,464,Steve Parris,/players/p/parrist01.shtml,parrist01,27,PIT,82.0,55%,3.3%,16.9%,9.2%,7.8%,32%,0.87,1.02,68%,17%,10.4%,15%,64,5,8%
1995,465,Bob Patterson*,/players/p/pattebo01.shtml,pattebo01,36,CAL,53.1,44%,2.8%,19.3%,6.1%,7.6%,33%,0.47,0.58,70%,22%,7.0%,17%,40,5,13%
1995,466,Jeff Patterson,/players/p/patteje01.shtml,patteje01,26,NYY,3.1,50%,6.3%,18.8%,18.8%,6.3%,33%,1.00,0.75,56%,10%,33.3%,40%,3,0,0%
1995,467,Dave Pavlas,/players/p/pavlada01.shtml,pavlada01,32,NYY,5.2,71%,0.0%,12.5%,0.0%,4.2%,13%,1.33,1.00,88%,29%,0.0%,0%,7,0,0%
1995,468,Roger Pavlik,/players/p/pavliro01.shtml,pavliro01,27,TEX,191.2,43%,2.3%,18.2%,11.0%,7.2%,34%,0.92,1.36,68%,23%,7.7%,15%,131,18,14%
1995,469,Alejandro Pena,/players/p/penaal01.shtml,penaal01,36,TOT,55.1,58%,3.4%,26.9%,8.0%,8.8%,38%,0.42,0.52,62%,27%,8.3%,12%,44,3,7%
1995,470,Alejandro Pena,/players/p/penaal01.shtml,penaal01,36,TOT,31.0,64%,2.5%,32.2%,5.8%,6.6%,36%,0.50,0.47,60%,20%,6.7%,10%,16,1,6%
1995,471,Alejandro Pena,/players/p/penaal01.shtml,penaal01,36,BOS,24.1,53%,4.3%,21.4%,10.3%,11.1%,39%,0.36,0.57,64%,34%,9.8%,14%,28,2,7%
1995,472,Alejandro Pena,/players/p/penaal01.shtml,penaal01,36,FLA,18.0,60%,2.9%,30.9%,4.4%,4.4%,27%,0.26,0.18,62%,20%,6.5%,11%,10,0,0%
1995,473,Alejandro Pena,/players/p/penaal01.shtml,penaal01,36,ATL,13.0,68%,1.9%,34.0%,7.6%,9.4%,46%,1.07,1.50,57%,19%,7.1%,7%,6,1,17%
1995,474,Brad Pennington*,/players/p/pennibr01.shtml,pennibr01,26,TOT,16.1,24%,1.3%,21.3%,27.5%,10.0%,67%,0.43,0.52,49%,33%,4.8%,25%,15,1,7%
1995,475,Brad Pennington*,/players/p/pennibr01.shtml,pennibr01,26,BAL,6.2,24%,3.0%,30.3%,33.3%,9.1%,100%,0.33,0.67,33%,17%,16.7%,33%,7,1,14%
1995,476,Brad Pennington*,/players/p/pennibr01.shtml,pennibr01,26,CIN,9.2,23%,0.0%,14.9%,23.4%,10.6%,56%,0.47,0.47,60%,39%,0.0%,21%,8,0,0%
1995,477,Troy Percival,/players/p/percitr01.shtml,percitr01,25,CAL,74.0,54%,2.1%,33.1%,9.2%,4.6%,35%,0.40,0.46,54%,20%,6.7%,21%,45,1,2%
1995,478,Carlos Perez*,/players/p/perezca01.shtml,perezca01,24,MON,141.1,18%,3.0%,17.9%,4.7%,8.3%,35%,1.08,1.51,72%,18%,11.0%,22%,96,9,9%
1995,479,Melido Perez,/players/p/perezme01.shtml,perezme01,29,NYY,69.1,45%,3.3%,14.5%,10.2%,9.9%,43%,0.75,0.82,71%,18%,8.9%,13%,56,3,5%
1995,480,Mike Perez,/players/p/perezmi01.shtml,perezmi01,30,CHC,71.1,65%,2.6%,15.9%,8.8%,5.5%,24%,0.80,0.92,70%,22%,7.5%,12%,66,5,8%
1995,481,Yorkis Perez*,/players/p/perezyo01.shtml,perezyo01,27,FLA,46.2,48%,2.9%,22.9%,13.7%,8.8%,51%,0.59,0.86,59%,21%,10.0%,23%,30,2,7%
1995,482,Robert Person,/players/p/persoro01.shtml,persoro01,25,NYM,12.0,50%,2.3%,22.7%,4.6%,2.3%,20%,0.41,0.44,70%,9%,5.6%,18%,4,0,0%
1995,483,Mark Petkovsek,/players/p/petkoma01.shtml,petkoma01,29,STL,137.1,56%,1.9%,12.5%,6.2%,7.4%,31%,1.68,2.40,78%,21%,6.9%,4%,110,18,16%
1995,484,Andy Pettitte*,/players/p/pettian01.shtml,pettian01,23,NYY,175.0,17%,2.0%,15.3%,8.5%,7.5%,31%,0.82,1.07,74%,23%,5.4%,10%,131,16,12%
1995,485,Steve Phoenix,/players/p/phoenst01.shtml,phoenst01,27,OAK,1.2,45%,9.1%,27.3%,27.3%,9.1%,33%,0.33,1.00,27%,20%,50.0%,33%,5,0,0%
1995,486,Hipolito Pichardo,/players/p/pichahi01.shtml,pichahi01,25,KCR,64.0,50%,1.4%,15.0%,10.5%,3.8%,17%,1.23,1.72,71%,23%,4.9%,10%,60,6,10%
1995,487,Jeff Pierce,/players/p/piercje01.shtml,piercje01,26,BOS,15.0,49%,0.0%,16.7%,19.4%,8.3%,38%,0.50,0.55,63%,24%,0.0%,23%,21,2,10%
1995,488,Jim Pittsley,/players/p/pittsji01.shtml,pittsji01,21,KCR,3.1,53%,17.7%,0.0%,5.9%,23.5%,57%,0.78,2.33,76%,19%,33.3%,0%,3,1,33%
1995,489,Dan Plesac*,/players/p/plesada01.shtml,plesada01,33,PIT,60.1,37%,1.2%,22.0%,10.4%,5.8%,28%,0.70,0.91,64%,17%,3.8%,19%,53,5,9%
1995,490,Eric Plunk,/players/p/plunker01.shtml,plunker01,31,CLE,64.0,51%,1.9%,27.0%,10.3%,5.7%,31%,0.65,0.95,59%,24%,6.1%,13%,52,4,8%
1995,491,Jim Poole*,/players/p/pooleji02.shtml,pooleji02,29,CLE,50.1,40%,3.4%,19.9%,8.3%,7.3%,38%,0.67,0.93,67%,19%,10.3%,20%,33,4,12%
1995,492,Mark Portugal,/players/p/portuma01.shtml,portuma01,32,TOT,181.2,51%,2.2%,12.4%,7.2%,7.1%,30%,0.75,1.08,77%,23%,6.3%,22%,143,16,11%
1995,493,Mark Portugal,/players/p/portuma01.shtml,portuma01,32,SFG,104.0,49%,2.3%,14.2%,7.6%,7.4%,31%,0.90,1.46,74%,22%,6.9%,19%,81,11,14%
1995,494,Mark Portugal,/players/p/portuma01.shtml,portuma01,32,CIN,77.2,55%,2.1%,10.0%,6.7%,6.7%,28%,0.58,0.75,79%,25%,5.6%,26%,62,5,8%
1995,495,Jay Powell,/players/p/powelja04.shtml,powelja04,23,FLA,8.1,55%,0.0%,10.5%,15.8%,0.0%,0%,2.13,2.50,66%,15%,0.0%,13%,11,1,9%
1995,496,Ross Powell*,/players/p/powelro01.shtml,powelro01,27,TOT,29.2,32%,4.1%,13.5%,14.2%,13.5%,56%,0.64,0.84,65%,14%,12.0%,18%,27,3,11%
1995,497,Ross Powell*,/players/p/powelro01.shtml,powelro01,27,HOU,9.0,51%,1.8%,14.6%,20.0%,10.9%,38%,0.57,0.73,62%,17%,6.7%,29%,11,0,0%
1995,498,Ross Powell*,/players/p/powelro01.shtml,powelro01,27,PIT,20.2,20%,5.4%,12.9%,10.8%,15.1%,70%,0.68,0.88,67%,13%,14.3%,13%,16,3,19%
1995,499,Ariel Prieto,/players/p/prietar01.shtml,prietar01,25,OAK,58.0,47%,1.6%,14.3%,12.4%,4.3%,19%,1.20,1.39,69%,16%,5.4%,10%,62,7,11%
1995,500,Tim Pugh,/players/p/pughti01.shtml,pughti01,28,CIN,98.1,59%,3.2%,9.2%,7.8%,8.0%,33%,0.90,1.22,79%,21%,9.6%,22%,68,11,16%
1995,501,Bill Pulsipher*,/players/p/pulsibi01.shtml,pulsibi01,21,NYM,126.2,14%,2.1%,15.3%,8.5%,6.6%,29%,1.26,1.64,73%,18%,7.4%,13%,96,16,17%
1995,502,Paul Quantrill,/players/q/quantpa01.shtml,quantpa01,26,PHI,179.1,57%,2.6%,13.1%,5.6%,9.1%,34%,1.01,1.30,77%,23%,7.7%,15%,136,14,10%
1995,503,Scott Radinsky*,/players/r/radinsc01.shtml,radinsc01,27,CHW,38.0,37%,4.1%,8.2%,9.9%,9.9%,37%,0.46,0.58,77%,26%,9.1%,17%,33,3,9%
1995,504,Brad Radke,/players/r/radkebr01.shtml,radkebr01,22,MIN,181.0,44%,4.2%,9.7%,6.1%,10.8%,43%,0.61,0.78,79%,19%,9.4%,14%,121,14,12%
1995,505,Pat Rapp,/players/r/rapppa01.shtml,rapppa01,27,FLA,167.1,52%,1.4%,14.3%,10.6%,5.5%,25%,0.96,1.29,72%,20%,4.5%,16%,169,16,9%
1995,506,Dennis Rasmussen*,/players/r/rasmude01.shtml,rasmude01,36,KCR,10.0,31%,5.9%,11.8%,15.7%,11.8%,46%,0.54,0.41,67%,16%,13.6%,8%,11,0,0%
1995,507,Rick Reed,/players/r/reedri01.shtml,reedri01,30,CIN,17.0,56%,7.1%,14.3%,4.3%,10.0%,39%,1.00,1.35,73%,18%,27.8%,31%,9,1,11%
1995,508,Steve Reed,/players/r/reedst01.shtml,reedst01,30,COL,84.0,65%,2.5%,24.2%,6.4%,4.6%,25%,0.69,1.00,66%,20%,8.4%,24%,60,6,10%
1995,509,Bryan Rekar,/players/r/rekarbr01.shtml,rekarbr01,23,COL,85.0,51%,2.9%,16.0%,6.4%,9.3%,37%,0.77,1.08,72%,22%,8.1%,13%,72,3,4%
1995,510,Mike Remlinger*,/players/r/remlimi01.shtml,remlimi01,29,TOT,6.2,29%,2.9%,20.6%,14.7%,14.7%,56%,0.91,2.25,59%,23%,9.1%,0%,10,0,0%
1995,511,Mike Remlinger*,/players/r/remlimi01.shtml,remlimi01,29,NYM,5.2,26%,3.7%,22.2%,7.4%,14.8%,57%,1.00,2.67,63%,21%,11.1%,0%,8,0,0%
1995,512,Mike Remlinger*,/players/r/remlimi01.shtml,remlimi01,29,CIN,1.0,43%,0.0%,14.3%,42.9%,14.3%,50%,0.50,1.00,43%,33%,0.0%,0%,2,0,0%
1995,513,Alberto Reyes,/players/r/reyesal01.shtml,reyesal01,24,MIL,33.1,54%,2.2%,21.0%,13.0%,5.1%,37%,0.50,0.65,61%,18%,6.5%,18%,24,2,8%
1995,514,Carlos Reyes,/players/r/reyesca01.shtml,reyesca01,26,OAK,69.0,47%,3.3%,15.7%,9.2%,6.5%,28%,0.89,1.33,69%,20%,10.2%,14%,66,5,8%
1995,515,Shane Reynolds,/players/r/reynosh01.shtml,reynosh01,27,HOU,189.1,52%,1.9%,22.1%,4.7%,7.3%,30%,1.48,2.26,70%,19%,7.5%,12%,147,12,8%
1995,516,Armando Reynoso,/players/r/reynoar02.shtml,reynoar02,29,COL,93.0,56%,2.9%,9.6%,8.6%,9.8%,35%,0.72,1.06,76%,24%,8.3%,23%,73,3,4%
1995,517,Arthur Rhodes*,/players/r/rhodear01.shtml,rhodear01,25,BAL,75.1,24%,3.9%,22.9%,14.3%,7.7%,38%,0.66,0.78,58%,18%,12.9%,17%,69,1,1%
1995,518,Chuck Ricci,/players/r/riccich01.shtml,riccich01,26,PHI,10.0,65%,0.0%,22.5%,7.5%,5.0%,22%,0.53,0.82,65%,22%,0.0%,6%,11,1,9%
1995,519,Dave Righetti*,/players/r/righeda01.shtml,righeda01,36,CHW,49.1,14%,2.7%,13.1%,8.1%,8.1%,28%,0.93,1.23,76%,22%,7.9%,13%,38,5,13%
1995,520,Ron Rightnowar,/players/r/rightro01.shtml,rightro01,30,MIL,36.2,54%,1.9%,13.8%,11.3%,5.6%,26%,1.10,1.42,67%,15%,6.8%,15%,48,8,17%
1995,521,Jose Rijo,/players/r/rijojo01.shtml,rijojo01,30,CIN,69.0,52%,2.0%,21.0%,7.5%,7.5%,29%,0.90,1.29,68%,24%,6.5%,14%,52,8,15%
1995,522,Bill Risley,/players/r/rislebi01.shtml,rislebi01,28,SEA,60.1,44%,2.8%,26.1%,7.2%,6.4%,29%,0.49,0.48,63%,18%,8.3%,23%,52,5,10%
1995,523,Kevin Ritz,/players/r/ritzke01.shtml,ritzke01,30,COL,173.1,54%,2.2%,16.2%,8.8%,7.1%,31%,1.03,1.55,71%,21%,7.1%,15%,134,16,12%
1995,524,Mariano Rivera,/players/r/riverma01.shtml,riverma01,25,NYY,67.0,46%,3.7%,16.9%,10.0%,8.0%,34%,0.47,0.53,69%,24%,8.7%,14%,54,2,4%
1995,525,Roberto Rivera*,/players/r/riverro01.shtml,riverro01,26,CHC,5.0,52%,4.4%,8.7%,8.7%,13.0%,38%,1.11,1.40,78%,26%,14.3%,22%,3,0,0%
1995,526,Joe Roa,/players/r/roajo01.shtml,roajo01,23,CLE,6.0,32%,3.6%,0.0%,7.1%,10.7%,33%,1.08,1.57,86%,19%,10.0%,17%,4,1,25%
1995,527,Sid Roberson*,/players/r/robersi01.shtml,robersi01,23,MIL,84.1,20%,4.2%,10.6%,9.8%,9.2%,34%,0.99,1.53,73%,22%,12.5%,13%,88,15,17%
1995,528,Rich Robertson*,/players/r/roberri02.shtml,roberri02,26,MIN,51.2,31%,1.8%,16.7%,13.6%,4.8%,23%,1.22,1.83,66%,23%,6.5%,9%,67,7,10%
1995,529,Ken Robinson,/players/r/robinke01.shtml,robinke01,25,TOR,39.0,43%,4.2%,18.6%,13.2%,6.6%,44%,0.54,0.54,62%,15%,15.2%,34%,36,1,3%
1995,530,Felix Rodriguez,/players/r/rodrife01.shtml,rodrife01,22,LAD,10.2,33%,4.4%,11.1%,11.1%,11.1%,46%,0.36,0.59,73%,26%,10.0%,20%,13,2,15%
1995,531,Frankie Rodriguez,/players/r/rodrifr02.shtml,rodrifr02,22,TOT,105.2,46%,2.3%,12.3%,11.9%,7.3%,31%,1.10,1.58,72%,17%,7.5%,13%,108,14,13%
1995,532,Frankie Rodriguez,/players/r/rodrifr02.shtml,rodrifr02,22,BOS,15.1,59%,4.0%,18.7%,13.3%,8.0%,29%,0.76,1.00,64%,27%,11.1%,7%,19,0,0%
1995,533,Frankie Rodriguez,/players/r/rodrifr02.shtml,rodrifr02,22,MIN,90.1,44%,2.0%,11.2%,11.7%,7.2%,31%,1.17,1.68,74%,15%,6.7%,14%,89,14,16%
1995,534,Rich Rodriguez*,/players/r/rodriri02.shtml,rodriri02,32,STL,1.2,25%,0.0%,0.0%,0.0%,0.0%,,0.33,0.67,100%,25%,0.0%,33%,1,1,100%
1995,535,Jimmy Rogers,/players/r/rogerji02.shtml,rogerji02,28,TOR,23.2,43%,3.6%,11.8%,16.4%,8.2%,43%,0.64,0.93,65%,19%,11.8%,24%,28,0,0%
1995,536,Kenny Rogers*,/players/r/rogerke01.shtml,rogerke01,30,TEX,208.0,15%,3.0%,16.0%,8.7%,6.5%,30%,0.94,1.31,72%,23%,9.5%,19%,134,18,13%
1995,537,Mel Rojas,/players/r/rojasme01.shtml,rojasme01,28,MON,67.2,51%,0.7%,20.2%,9.6%,5.6%,25%,0.82,1.03,67%,21%,2.5%,26%,63,5,8%
1995,538,John Roper,/players/r/roperjo01.shtml,roperjo01,23,TOT,8.0,39%,6.8%,13.6%,13.6%,13.6%,40%,0.29,0.55,64%,41%,15.8%,21%,15,0,0%
1995,539,John Roper,/players/r/roperjo01.shtml,roperjo01,23,CIN,7.0,35%,8.1%,16.2%,10.8%,13.5%,39%,0.30,0.56,62%,41%,20.0%,25%,12,0,0%
1995,540,John Roper,/players/r/roperjo01.shtml,roperjo01,23,SFG,1.0,57%,0.0%,0.0%,28.6%,14.3%,50%,0.25,0.50,71%,40%,0.0%,0%,3,0,0%
1995,541,Joe Rosselli*,/players/r/rossejo01.shtml,rossejo01,23,SFG,30.0,22%,3.6%,5.0%,14.3%,11.4%,41%,0.49,0.67,76%,20%,8.1%,16%,33,7,21%
1995,542,Kirk Rueter*,/players/r/rueteki01.shtml,rueteki01,24,MON,47.1,12%,1.6%,15.2%,4.9%,3.3%,16%,0.65,0.87,76%,24%,4.5%,21%,32,4,13%
1995,543,Scott Ruffcorn,/players/r/ruffcsc01.shtml,ruffcsc01,25,CHW,8.0,48%,0.0%,10.9%,28.3%,0.0%,0%,0.79,1.57,54%,23%,0.0%,21%,12,2,17%
1995,544,Bruce Ruffin*,/players/r/ruffibr01.shtml,ruffibr01,31,COL,34.0,28%,0.7%,16.4%,13.6%,2.1%,12%,1.33,1.96,66%,16%,3.0%,18%,27,5,19%
1995,545,Johnny Ruffin,/players/r/ruffijo01.shtml,ruffijo01,23,CIN,13.1,48%,0.0%,20.4%,20.4%,1.9%,25%,1.13,1.23,59%,9%,0.0%,27%,9,2,22%
1995,546,Jeff Russell,/players/r/russeje01.shtml,russeje01,33,TEX,32.2,45%,2.2%,15.1%,6.5%,3.6%,14%,0.77,0.92,76%,22%,5.9%,18%,34,3,9%
1995,547,Ken Ryan,/players/r/ryanke01.shtml,ryanke01,26,BOS,32.2,47%,2.6%,22.2%,15.7%,5.9%,27%,0.79,1.00,58%,32%,8.7%,12%,39,3,8%
1995,548,Bret Saberhagen,/players/s/saberbr01.shtml,saberbr01,31,TOT,153.0,54%,3.2%,15.2%,5.0%,8.5%,34%,0.77,0.99,74%,20%,9.3%,20%,119,13,11%
1995,549,Bret Saberhagen,/players/s/saberbr01.shtml,saberbr01,31,NYM,110.0,54%,2.9%,15.7%,4.4%,7.5%,32%,0.83,1.04,75%,20%,8.2%,16%,77,9,12%
1995,550,Bret Saberhagen,/players/s/saberbr01.shtml,saberbr01,31,COL,43.0,55%,3.9%,14.1%,6.3%,10.7%,37%,0.65,0.87,72%,21%,11.9%,28%,42,4,10%
1995,551,A.J. Sager,/players/s/sagera.01.shtml,sagera.01,30,COL,14.2,50%,1.4%,14.3%,10.0%,8.6%,32%,1.00,1.54,71%,19%,4.5%,12%,14,1,7%
1995,552,Scott Sanders,/players/s/sandesc02.shtml,sandesc02,26,SDP,90.0,60%,3.7%,23.0%,8.1%,8.1%,39%,0.68,0.79,64%,19%,10.4%,12%,57,1,2%
1995,553,Scott Sanderson,/players/s/sandesc01.shtml,sandesc01,38,CAL,39.1,45%,3.5%,13.5%,2.4%,11.2%,40%,0.47,0.61,79%,23%,11.1%,41%,32,2,6%
1995,554,Mo Sanford,/players/s/sanfomo01.shtml,sanfomo01,28,MIN,18.2,61%,7.9%,19.1%,18.0%,12.4%,69%,0.49,0.52,53%,13%,25.0%,20%,15,0,0%
1995,555,Bob Scanlan,/players/s/scanlbo01.shtml,scanlbo01,28,MIL,83.1,47%,2.3%,7.5%,11.3%,6.9%,27%,1.13,1.46,77%,19%,7.9%,20%,84,14,17%
1995,556,Rich Scheid*,/players/s/scheiri02.shtml,scheiri02,30,FLA,10.1,34%,2.0%,20.0%,14.0%,8.0%,29%,0.68,0.90,62%,33%,5.9%,11%,13,0,0%
1995,557,Curt Schilling,/players/s/schilcu01.shtml,schilcu01,28,PHI,116.0,60%,2.5%,24.1%,5.5%,6.3%,31%,0.87,1.10,66%,20%,8.3%,15%,69,5,7%
1995,558,Curt Schmidt,/players/s/schmicu01.shtml,schmicu01,25,MON,10.1,65%,1.9%,13.0%,16.7%,11.1%,40%,1.62,7.00,63%,22%,7.7%,0%,17,3,18%
1995,559,Jason Schmidt,/players/s/schmija01.shtml,schmija01,22,ATL,25.0,59%,1.7%,16.0%,15.1%,7.6%,33%,0.64,0.75,65%,20%,4.8%,11%,28,2,7%
1995,560,Pete Schourek*,/players/s/schoupe01.shtml,schoupe01,26,CIN,190.1,13%,2.3%,21.2%,6.0%,6.8%,32%,0.68,0.83,69%,22%,7.0%,22%,140,14,10%
1995,561,Erik Schullstrom,/players/s/schuler01.shtml,schuler01,26,MIN,47.0,55%,3.6%,9.3%,9.8%,10.7%,36%,0.65,0.90,76%,26%,8.3%,11%,53,4,8%
1995,562,Tim Scott,/players/s/scottti01.shtml,scottti01,28,MON,63.1,53%,2.2%,21.3%,8.6%,6.7%,35%,0.58,0.57,64%,19%,6.4%,15%,53,2,4%
1995,563,Rudy Seanez,/players/s/seaneru01.shtml,seaneru01,26,LAD,34.2,69%,3.1%,18.2%,11.3%,9.4%,39%,0.84,1.24,65%,19%,11.4%,24%,25,1,4%
1995,564,Aaron Sele,/players/s/seleaa01.shtml,seleaa01,25,BOS,32.1,51%,2.1%,14.4%,9.6%,6.2%,28%,0.58,0.97,71%,31%,5.2%,12%,24,2,8%
1995,565,Scott Service,/players/s/servisc01.shtml,servisc01,28,SFG,31.0,60%,3.1%,23.3%,15.5%,6.2%,44%,0.52,0.91,54%,18%,12.1%,31%,25,2,8%
1995,566,Jeff Shaw,/players/s/shawje01.shtml,shawje01,28,TOT,72.0,56%,1.9%,16.5%,8.7%,8.7%,39%,0.94,1.48,69%,22%,6.8%,21%,65,8,12%
1995,567,Jeff Shaw,/players/s/shawje01.shtml,shawje01,28,MON,62.1,54%,1.5%,16.8%,9.7%,8.2%,38%,1.03,1.58,69%,20%,5.8%,24%,53,7,13%
1995,568,Jeff Shaw,/players/s/shawje01.shtml,shawje01,28,CHW,9.2,73%,4.9%,14.6%,2.4%,12.2%,42%,0.52,1.00,73%,30%,10.5%,10%,12,1,8%
1995,569,Keith Shepherd,/players/s/shephke01.shtml,shephke01,27,BOS,1.0,67%,0.0%,0.0%,22.2%,22.2%,50%,0.40,2.00,78%,57%,0.0%,0%,5,0,0%
1995,570,Paul Shuey,/players/s/shueypa01.shtml,shueypa01,24,CLE,6.1,43%,0.0%,17.9%,17.9%,7.1%,40%,0.23,0.44,57%,33%,0.0%,15%,7,0,0%
1995,571,Bill Simas,/players/s/simasbi01.shtml,simasbi01,23,CHW,14.0,71%,1.5%,24.2%,15.2%,4.6%,20%,0.85,1.27,58%,23%,7.1%,30%,18,1,6%
1995,572,Mike Sirotka*,/players/s/sirotmi01.shtml,sirotmi01,24,CHW,34.1,14%,1.3%,12.5%,11.2%,5.9%,23%,0.70,0.80,74%,27%,3.7%,18%,42,4,10%
1995,573,Heathcliff Slocumb,/players/s/slocuhe01.shtml,slocuhe01,29,PHI,65.1,57%,0.7%,21.8%,12.1%,3.5%,16%,1.39,1.93,64%,21%,2.9%,9%,71,7,10%
1995,574,Joe Slusarski,/players/s/slusajo01.shtml,slusajo01,28,MIL,15.0,53%,4.1%,8.2%,8.2%,9.6%,33%,0.68,0.95,75%,24%,10.0%,12%,17,2,12%
1995,575,Aaron Small,/players/s/smallaa01.shtml,smallaa01,23,FLA,6.1,56%,3.1%,15.6%,18.8%,9.4%,43%,0.62,0.75,63%,14%,8.3%,8%,5,0,0%
1995,576,John Smiley*,/players/s/smilejo01.shtml,smilejo01,30,CIN,176.2,17%,1.5%,17.1%,5.4%,7.2%,30%,0.83,1.08,73%,19%,4.6%,19%,144,22,15%
1995,577,Lee Smith,/players/s/smithle02.shtml,smithle02,37,CAL,49.1,43%,1.4%,20.6%,12.0%,6.7%,33%,0.69,0.75,64%,21%,4.6%,19%,46,1,2%
1995,578,Pete Smith,/players/s/smithpe02.shtml,smithpe02,29,CIN,24.1,42%,7.6%,13.2%,6.6%,10.4%,37%,1.03,1.81,71%,19%,33.3%,38%,21,5,24%
1995,579,Zane Smith*,/players/s/smithza01.shtml,smithza01,34,BOS,110.2,16%,1.5%,9.7%,4.8%,7.9%,26%,1.20,1.84,84%,25%,4.1%,9%,97,16,16%
1995,580,John Smoltz,/players/s/smoltjo01.shtml,smoltjo01,28,ATL,192.2,51%,1.9%,23.9%,8.9%,6.1%,30%,0.83,1.14,63%,24%,6.0%,13%,156,12,8%
1995,581,Clint Sodowsky,/players/s/sodowcl01.shtml,sodowcl01,22,DET,23.1,31%,3.6%,12.5%,16.1%,5.4%,25%,0.97,1.50,67%,20%,13.3%,21%,22,2,9%
1995,582,Steve Sparks,/players/s/sparkst01.shtml,sparkst01,29,MIL,202.0,43%,1.9%,11.0%,9.8%,7.3%,31%,0.85,1.22,76%,25%,5.5%,14%,173,30,17%
1995,583,Dennis Springer,/players/s/sprinde01.shtml,sprinde01,30,PHI,22.1,55%,3.2%,16.0%,9.6%,7.5%,33%,1.20,1.55,68%,17%,13.0%,23%,19,2,11%
1995,584,Russ Springer,/players/s/sprinru01.shtml,sprinru01,26,TOT,78.1,54%,4.6%,20.0%,10.0%,10.3%,44%,0.38,0.48,63%,26%,11.9%,20%,67,5,7%
1995,585,Russ Springer,/players/s/sprinru01.shtml,sprinru01,26,CAL,51.2,55%,4.6%,16.0%,10.5%,11.3%,45%,0.37,0.55,66%,28%,11.3%,20%,49,5,10%
1995,586,Russ Springer,/players/s/sprinru01.shtml,sprinru01,26,PHI,26.2,54%,4.5%,28.6%,8.9%,8.0%,41%,0.41,0.34,55%,21%,13.5%,20%,18,0,0%
1995,587,Mike Stanton*,/players/s/stantmi02.shtml,stantmi02,28,TOT,40.1,33%,3.4%,12.9%,7.9%,7.9%,29%,0.61,0.84,74%,25%,8.5%,14%,41,4,10%
1995,588,Mike Stanton*,/players/s/stantmi02.shtml,stantmi02,28,ATL,19.1,33%,3.2%,13.8%,6.4%,9.6%,29%,0.50,0.68,73%,27%,7.1%,9%,23,1,4%
1995,589,Mike Stanton*,/players/s/stantmi02.shtml,stantmi02,28,BOS,21.0,32%,3.6%,11.9%,9.5%,6.0%,29%,0.76,1.00,75%,23%,10.3%,22%,18,3,17%
1995,590,Dave Stevens,/players/s/steveda01.shtml,steveda01,25,MIN,65.2,51%,4.6%,15.6%,10.6%,9.3%,38%,0.52,0.80,68%,24%,11.6%,13%,69,4,6%
1995,591,Dave Stewart,/players/s/stewada01.shtml,stewada01,38,OAK,81.0,40%,2.9%,15.2%,10.2%,7.6%,29%,0.54,0.66,70%,27%,7.3%,16%,81,3,4%
1995,592,Todd Stottlemyre,/players/s/stottto01.shtml,stottto01,30,OAK,209.2,41%,2.8%,22.3%,8.7%,7.3%,29%,0.76,1.12,65%,25%,9.1%,19%,181,18,10%
1995,593,Tanyon Sturtze,/players/s/sturtta01.shtml,sturtta01,24,CHC,2.0,33%,11.1%,0.0%,11.1%,22.2%,100%,0.33,0.20,78%,25%,16.7%,0%,0,0,
1995,594,Scott Sullivan,/players/s/sullisc01.shtml,sullisc01,24,CIN,3.2,59%,0.0%,11.8%,11.8%,0.0%,0%,1.00,1.25,71%,23%,0.0%,33%,4,0,0%
1995,595,Jeff Suppan,/players/s/suppaje01.shtml,suppaje01,20,BOS,22.2,47%,4.0%,19.0%,5.0%,14.0%,48%,0.53,0.75,71%,28%,9.3%,12%,10,2,20%
1995,596,Dave Swartzbaugh,/players/s/swartda01.shtml,swartda01,27,CHC,7.1,70%,0.0%,18.5%,11.1%,3.7%,20%,0.90,0.67,70%,16%,0.0%,20%,7,1,14%
1995,597,Bill Swift,/players/s/swiftbi02.shtml,swiftbi02,33,COL,105.2,47%,2.6%,14.7%,9.3%,7.6%,29%,1.52,2.34,72%,16%,10.0%,11%,97,13,13%
1995,598,Greg Swindell*,/players/s/swindgr01.shtml,swindgr01,30,HOU,153.0,18%,3.2%,14.6%,5.9%,9.4%,34%,0.80,0.94,75%,20%,9.1%,17%,112,11,10%
1995,599,Jeff Tabaka*,/players/t/tabakje01.shtml,tabakje01,31,TOT,30.2,40%,1.6%,19.5%,13.3%,4.7%,22%,0.71,0.76,66%,24%,5.6%,27%,36,4,11%
1995,600,Jeff Tabaka*,/players/t/tabakje01.shtml,tabakje01,31,SDP,6.1,34%,3.1%,18.8%,15.6%,12.5%,40%,0.54,0.63,63%,33%,11.1%,31%,11,1,9%
1995,601,Jeff Tabaka*,/players/t/tabakje01.shtml,tabakje01,31,HOU,24.1,42%,1.0%,19.8%,12.5%,2.1%,12%,0.78,0.79,67%,22%,3.7%,25%,25,3,12%
1995,602,Kevin Tapani,/players/t/tapanke01.shtml,tapanke01,31,TOT,190.2,45%,3.5%,15.7%,5.8%,10.4%,38%,0.91,1.43,74%,23%,9.7%,10%,140,15,11%
1995,603,Kevin Tapani,/players/t/tapanke01.shtml,tapanke01,31,MIN,133.2,40%,3.6%,15.2%,5.9%,10.5%,39%,0.87,1.36,74%,24%,9.8%,10%,92,13,14%
1995,604,Kevin Tapani,/players/t/tapanke01.shtml,tapanke01,31,LAD,57.0,57%,3.1%,16.9%,5.5%,10.2%,36%,1.01,1.60,73%,21%,9.5%,11%,48,2,4%
1995,605,Julian Tavarez,/players/t/tavarju01.shtml,tavarju01,22,CLE,85.0,53%,2.0%,19.4%,6.0%,5.4%,25%,1.19,1.43,72%,22%,6.6%,9%,67,6,9%
1995,606,Scott Taylor,/players/t/taylosc02.shtml,taylosc02,28,TEX,15.1,45%,8.5%,14.1%,7.0%,15.5%,44%,0.71,1.77,70%,25%,22.2%,13%,12,5,42%
1995,607,Dave Telgheder,/players/t/telghda01.shtml,telghda01,28,NYM,25.2,52%,3.4%,13.6%,5.9%,11.0%,38%,0.73,1.18,75%,25%,8.7%,12%,17,1,6%
1995,608,Bob Tewksbury,/players/t/tewksbo01.shtml,tewksbo01,34,TEX,129.2,38%,1.4%,9.5%,3.6%,8.9%,30%,1.01,1.52,84%,25%,4.0%,15%,101,17,17%
1995,609,J.J. Thobe,/players/t/thobej.01.shtml,thobej.01,24,MON,4.0,76%,0.0%,0.0%,14.3%,4.8%,17%,0.50,0.50,86%,22%,0.0%,17%,2,0,0%
1995,610,Tom Thobe*,/players/t/thobeto01.shtml,thobeto01,25,ATL,3.1,18%,0.0%,11.8%,0.0%,5.9%,14%,0.50,0.33,88%,33%,0.0%,20%,6,0,0%
1995,611,Larry Thomas*,/players/t/thomala01.shtml,thomala01,25,CHW,13.2,46%,1.9%,22.2%,11.1%,3.7%,25%,0.71,0.71,65%,8%,5.3%,10%,5,1,20%
1995,612,Mike Thomas*,/players/t/thomami01.shtml,thomami01,25,MIL,1.1,57%,0.0%,0.0%,14.3%,0.0%,0%,1.00,0.33,86%,0%,0.0%,67%,3,0,0%
1995,613,Mark Thompson,/players/t/thompma01.shtml,thompma01,24,COL,51.0,54%,2.9%,12.5%,9.2%,10.8%,36%,0.81,1.33,73%,22%,8.9%,19%,60,7,12%
1995,614,Mike Timlin,/players/t/timlimi01.shtml,timlimi01,29,TOR,42.0,44%,0.6%,20.1%,9.5%,4.5%,21%,1.43,2.07,67%,20%,2.6%,20%,35,3,9%
1995,615,Dilson Torres,/players/t/torredi01.shtml,torredi01,25,KCR,44.1,56%,3.0%,14.1%,8.6%,8.1%,29%,0.89,1.24,74%,24%,8.8%,14%,35,4,11%
1995,616,Salomon Torres,/players/t/torresa01.shtml,torresa01,23,TOT,80.0,39%,4.2%,12.2%,12.8%,9.1%,35%,1.15,1.52,70%,19%,14.8%,18%,84,7,8%
1995,617,Salomon Torres,/players/t/torresa01.shtml,torresa01,23,SFG,8.0,63%,10.0%,5.0%,17.5%,15.0%,46%,0.72,1.00,68%,29%,23.5%,6%,9,1,11%
1995,618,Salomon Torres,/players/t/torresa01.shtml,torresa01,23,SEA,72.0,36%,3.5%,13.1%,12.2%,8.4%,33%,1.21,1.60,70%,18%,13.2%,19%,75,6,8%
1995,619,Steve Trachsel,/players/t/trachst01.shtml,trachst01,24,CHC,160.2,53%,3.5%,16.2%,10.5%,7.8%,32%,0.84,1.13,68%,21%,10.3%,13%,146,12,8%
1995,620,Mike Trombley,/players/t/trombmi01.shtml,trombmi01,28,MIN,97.2,43%,4.1%,15.4%,9.5%,10.4%,43%,0.64,0.84,70%,22%,11.0%,16%,90,9,10%
1995,621,Tom Urbani*,/players/u/urbanto01.shtml,urbanto01,27,STL,82.2,23%,3.1%,14.7%,5.9%,8.2%,29%,0.94,1.29,74%,25%,9.2%,14%,59,12,20%
1995,622,Ugueth Urbina,/players/u/urbinug01.shtml,urbinug01,21,MON,23.1,53%,5.5%,13.8%,12.8%,11.0%,46%,0.81,1.00,66%,15%,16.7%,14%,13,1,8%
1995,623,Marc Valdes,/players/v/valdema01.shtml,valdema01,23,FLA,7.0,53%,2.0%,4.1%,18.4%,8.2%,24%,1.33,1.71,71%,8%,7.7%,13%,16,0,0%
1995,624,Carlos Valdez,/players/v/valdeca01.shtml,valdeca01,23,SFG,14.2,62%,1.5%,10.1%,11.6%,8.7%,32%,0.96,1.83,75%,28%,4.5%,19%,8,0,0%
1995,625,Ismael Valdez,/players/v/valdeis01.shtml,valdeis01,21,LAD,197.2,51%,2.1%,18.7%,6.3%,6.2%,30%,0.88,1.09,72%,20%,6.9%,21%,130,12,9%
1995,626,Sergio Valdez,/players/v/valdese01.shtml,valdese01,30,SFG,66.1,51%,4.1%,10.0%,5.9%,10.3%,39%,1.21,1.77,77%,23%,12.4%,9%,37,6,16%
1995,627,Fernando Valenzuela*,/players/v/valenfe01.shtml,valenfe01,34,SDP,90.1,18%,4.1%,14.4%,8.6%,10.9%,43%,0.66,0.92,70%,16%,11.5%,20%,77,11,14%
1995,628,Tim Van Egmond,/players/v/vanegti01.shtml,vanegti01,26,BOS,6.2,29%,5.7%,14.3%,17.1%,5.7%,22%,1.40,4.00,63%,33%,22.2%,10%,3,0,0%
1995,629,Todd Van Poppel,/players/v/vanpoto01.shtml,vanpoto01,23,OAK,138.1,42%,2.8%,21.0%,9.6%,8.1%,38%,0.54,0.68,65%,23%,7.4%,16%,106,12,11%
1995,630,William VanLandingham,/players/v/vanlawi01.shtml,vanlawi01,24,SFG,122.2,54%,2.7%,18.2%,7.7%,7.3%,31%,0.82,1.12,70%,24%,8.5%,19%,94,7,7%
1995,631,Dave Veres,/players/v/veresda01.shtml,veresda01,28,HOU,103.1,61%,1.2%,22.5%,7.2%,5.0%,24%,0.82,1.07,67%,19%,3.9%,18%,76,9,12%
1995,632,Randy Veres,/players/v/veresra01.shtml,veresra01,29,FLA,48.2,62%,2.8%,14.4%,10.2%,4.2%,20%,1.18,1.43,70%,15%,10.7%,21%,39,3,8%
1995,633,Ron Villone*,/players/v/villoro01.shtml,villoro01,25,TOT,45.0,32%,5.2%,29.7%,16.0%,8.0%,39%,0.53,0.60,47%,19%,18.3%,14%,57,2,4%
1995,634,Ron Villone*,/players/v/villoro01.shtml,villoro01,25,SEA,19.1,40%,5.9%,25.7%,22.8%,6.9%,35%,0.62,0.88,42%,22%,23.1%,10%,32,1,3%
1995,635,Ron Villone*,/players/v/villoro01.shtml,villoro01,25,SDP,25.2,25%,4.5%,33.3%,9.9%,9.0%,42%,0.46,0.44,52%,17%,14.7%,17%,25,1,4%
1995,636,Frank Viola*,/players/v/violafr01.shtml,violafr01,35,CIN,14.1,13%,4.7%,6.3%,4.7%,4.7%,15%,0.45,0.31,84%,14%,9.4%,16%,9,1,11%
1995,637,Ed Vosberg*,/players/v/vosbeed01.shtml,vosbeed01,33,TEX,36.0,41%,2.0%,23.4%,10.4%,4.6%,22%,1.04,1.54,63%,23%,6.7%,4%,33,2,6%
1995,638,Terrell Wade*,/players/w/wadete01.shtml,wadete01,22,ATL,4.0,22%,5.6%,16.7%,22.2%,5.6%,33%,0.43,0.80,56%,18%,25.0%,43%,6,1,17%
1995,639,Billy Wagner*,/players/w/wagnebi02.shtml,wagnebi02,23,HOU,0.1,100%,0.0%,0.0%,0.0%,0.0%,,0.00,0.00,100%,0%,0.0%,0%,0,0,
1995,640,Paul Wagner,/players/w/wagnepa01.shtml,wagnepa01,27,PIT,165.0,55%,2.5%,16.6%,9.9%,7.9%,33%,1.18,1.80,69%,16%,8.7%,12%,141,20,14%
1995,641,Tim Wakefield,/players/w/wakefti01.shtml,wakefti01,28,BOS,195.1,48%,2.7%,14.8%,8.5%,6.6%,33%,0.61,0.81,73%,24%,7.4%,20%,148,16,11%
1995,642,Mike Walker,/players/w/walkemi01.shtml,walkemi01,28,CHC,44.2,69%,1.0%,9.7%,11.7%,6.3%,29%,1.23,1.73,76%,24%,2.9%,3%,47,3,6%
1995,643,Pete Walker,/players/w/walkepe01.shtml,walkepe01,26,NYM,17.2,52%,3.8%,6.3%,6.3%,8.9%,29%,0.97,1.29,84%,22%,8.8%,3%,18,2,11%
1995,644,Donne Wall,/players/w/walldo01.shtml,walldo01,27,HOU,24.1,50%,4.6%,14.6%,4.6%,10.0%,33%,0.87,0.87,76%,20%,11.9%,9%,25,0,0%
1995,645,Duane Ward,/players/w/warddu01.shtml,warddu01,31,TOR,2.2,40%,0.0%,12.0%,20.0%,12.0%,27%,0.88,1.50,64%,31%,0.0%,25%,4,0,0%
1995,646,Jeff Ware,/players/w/wareje01.shtml,wareje01,24,TOR,26.1,37%,1.6%,14.5%,16.9%,6.5%,29%,1.22,1.40,65%,19%,6.7%,19%,31,4,13%
1995,647,John Wasdin,/players/w/wasdijo01.shtml,wasdijo01,22,OAK,17.1,54%,5.8%,8.7%,4.4%,8.7%,43%,0.48,0.48,80%,19%,11.8%,15%,11,0,0%
1995,648,Scott Watkins*,/players/w/watkisc01.shtml,watkisc01,25,MIN,21.2,41%,2.1%,11.7%,11.7%,5.3%,23%,0.59,0.74,73%,24%,5.3%,14%,26,3,12%
1995,649,Allen Watson*,/players/w/watsoal01.shtml,watsoal01,24,STL,114.1,17%,3.5%,10.0%,8.4%,9.4%,37%,1.02,1.37,77%,19%,10.1%,12%,81,10,12%
1995,650,David Weathers,/players/w/weathda01.shtml,weathda01,25,FLA,90.1,57%,1.9%,14.3%,12.4%,6.7%,27%,1.22,1.63,69%,21%,7.2%,15%,90,11,12%
1995,651,Bill Wegman,/players/w/wegmabi01.shtml,wegmabi01,32,MIL,70.2,51%,4.5%,15.9%,6.7%,9.2%,33%,0.66,0.92,71%,27%,11.5%,14%,75,7,9%
1995,652,Bob Wells,/players/w/wellsbo01.shtml,wellsbo01,28,SEA,76.2,55%,3.1%,10.6%,10.9%,10.6%,43%,0.53,0.54,74%,21%,7.5%,18%,74,2,3%
1995,653,David Wells*,/players/w/wellsda01.shtml,wellsda01,32,TOT,203.0,19%,2.7%,15.9%,6.3%,8.8%,38%,0.77,0.96,74%,19%,7.8%,18%,122,16,13%
1995,654,David Wells*,/players/w/wellsda01.shtml,wellsda01,32,DET,130.1,19%,3.2%,15.4%,6.9%,8.9%,40%,0.77,1.00,74%,19%,9.0%,18%,66,9,14%
1995,655,David Wells*,/players/w/wellsda01.shtml,wellsda01,32,CIN,72.2,19%,2.0%,16.7%,5.3%,8.7%,35%,0.78,0.89,75%,18%,5.8%,19%,56,7,13%
1995,656,Turk Wendell,/players/w/wendetu01.shtml,wendetu01,28,CHC,60.1,59%,4.1%,18.5%,8.9%,8.2%,31%,0.99,1.52,67%,21%,13.6%,16%,60,5,8%
1995,657,Don Wengert,/players/w/wengedo01.shtml,wengedo01,25,OAK,29.2,52%,2.3%,12.4%,9.3%,10.1%,43%,0.55,0.74,74%,29%,5.6%,16%,23,3,13%
1995,658,David West*,/players/w/westda01.shtml,westda01,30,PHI,38.0,12%,3.1%,15.3%,11.7%,9.2%,44%,0.68,0.89,68%,26%,8.3%,12%,30,5,17%
1995,659,John Wetteland,/players/w/wettejo01.shtml,wettejo01,28,NYY,61.1,47%,2.6%,28.3%,6.0%,7.3%,43%,0.47,0.58,63%,22%,6.9%,16%,30,5,17%
1995,660,Gabe White*,/players/w/whitega01.shtml,whitega01,23,MON,25.2,21%,6.1%,21.7%,7.8%,9.6%,42%,0.31,0.41,62%,19%,14.9%,19%,21,0,0%
1995,661,Rick White,/players/w/whiteri01.shtml,whiteri01,26,PIT,55.0,53%,1.2%,11.7%,7.3%,6.5%,24%,1.09,1.57,78%,21%,3.9%,16%,64,6,9%
1995,662,Matt Whiteside,/players/w/whitema02.shtml,whitema02,27,TEX,53.0,60%,2.2%,20.6%,8.5%,3.6%,17%,0.70,0.72,67%,19%,6.8%,18%,56,3,5%
1995,663,Sean Whiteside*,/players/w/whitese01.shtml,whitese01,24,DET,3.2,27%,4.6%,9.1%,18.2%,18.2%,57%,0.60,0.80,68%,19%,12.5%,20%,8,0,0%
1995,664,Kevin Wickander*,/players/w/wickake01.shtml,wickake01,30,TOT,23.1,51%,1.0%,11.1%,12.1%,4.0%,21%,1.11,1.46,74%,20%,3.4%,17%,30,3,10%
1995,665,Kevin Wickander*,/players/w/wickake01.shtml,wickake01,30,DET,17.1,53%,1.3%,11.7%,11.7%,5.2%,22%,1.15,1.53,74%,19%,4.5%,19%,23,3,13%
1995,666,Kevin Wickander*,/players/w/wickake01.shtml,wickake01,30,MIL,6.0,41%,0.0%,9.1%,13.6%,0.0%,0%,1.00,1.29,73%,24%,0.0%,13%,7,0,0%
1995,667,Bob Wickman,/players/w/wickmbo01.shtml,wickmbo01,26,NYY,80.0,59%,1.7%,14.7%,9.5%,5.8%,26%,1.60,2.15,71%,18%,7.1%,13%,69,11,16%
1995,668,Brian Williams,/players/w/willibr01.shtml,willibr01,26,SDP,72.0,59%,0.9%,22.3%,11.3%,5.0%,22%,0.85,1.14,61%,22%,3.1%,13%,75,4,5%
1995,669,Mike Williams,/players/w/willimi03.shtml,willimi03,26,PHI,87.2,55%,2.7%,15.5%,7.9%,7.4%,35%,0.86,1.24,72%,24%,7.8%,10%,67,8,12%
1995,670,Mitch Williams*,/players/w/willimi02.shtml,willimi02,30,CAL,10.2,40%,1.5%,13.9%,32.3%,1.5%,8%,0.57,0.83,49%,30%,5.9%,19%,23,2,9%
1995,671,Todd Williams,/players/w/willito02.shtml,willito02,24,LAD,19.1,60%,3.6%,9.6%,8.4%,7.2%,32%,1.64,2.06,75%,12%,15.0%,20%,14,0,0%
1995,672,Woody Williams,/players/w/williwo02.shtml,williwo02,28,TOR,53.2,42%,2.6%,17.7%,12.1%,7.8%,41%,0.58,0.79,66%,24%,8.1%,25%,35,3,9%
1995,673,Carl Willis,/players/w/willica01.shtml,willica01,34,MIN,0.2,67%,0.0%,0.0%,41.7%,16.7%,40%,1.00,,50%,43%,0.0%,0%,2,0,0%
1995,674,Gary Wilson,/players/w/wilsoga03.shtml,wilsoga03,25,PIT,14.1,57%,3.3%,13.1%,8.2%,6.6%,31%,0.63,0.79,72%,17%,9.1%,19%,10,0,0%
1995,675,Trevor Wilson*,/players/w/wilsotr01.shtml,wilsotr01,29,SFG,82.2,16%,2.3%,10.7%,10.7%,6.2%,27%,1.15,1.88,74%,23%,7.7%,15%,76,17,22%
1995,676,Bobby Witt,/players/w/wittbo01.shtml,wittbo01,31,TOT,172.0,47%,1.6%,18.9%,9.1%,7.2%,29%,0.75,1.02,69%,24%,5.0%,19%,135,15,11%
1995,677,Bobby Witt,/players/w/wittbo01.shtml,wittbo01,31,FLA,110.2,50%,1.7%,20.1%,10.0%,7.2%,33%,0.75,0.97,67%,23%,5.3%,17%,80,7,9%
1995,678,Bobby Witt,/players/w/wittbo01.shtml,wittbo01,31,TEX,61.1,41%,1.5%,16.7%,7.6%,7.3%,25%,0.76,1.09,73%,25%,4.4%,22%,55,8,15%
1995,679,Mark Wohlers,/players/w/wohlema01.shtml,wohlema01,25,ATL,64.2,52%,0.7%,33.5%,8.9%,3.4%,18%,1.26,1.36,56%,19%,3.7%,18%,39,3,8%
1995,680,Steve Wojciechowski*,/players/w/wojcist01.shtml,wojcist01,24,OAK,48.2,27%,3.2%,5.9%,12.8%,10.5%,45%,0.54,0.60,77%,27%,7.2%,15%,52,5,10%
1995,681,Bob Wolcott,/players/w/wolcobo01.shtml,wolcobo01,21,SEA,36.2,38%,3.7%,11.6%,8.5%,13.4%,51%,0.68,0.93,75%,23%,8.6%,8%,28,1,4%
1995,682,Brad Woodall*,/players/w/woodabr01.shtml,woodabr01,26,ATL,10.1,21%,1.9%,9.6%,15.4%,1.9%,8%,1.25,2.25,71%,28%,6.7%,6%,18,1,6%
1995,683,Tim Worrell,/players/w/worreti01.shtml,worreti01,27,SDP,13.1,60%,3.2%,20.6%,9.5%,9.5%,38%,0.56,0.93,63%,19%,8.3%,11%,12,1,8%
1995,684,Todd Worrell,/players/w/worreto01.shtml,worreto01,35,LAD,62.1,50%,1.6%,24.5%,7.6%,4.0%,20%,0.68,0.77,65%,16%,5.3%,24%,39,5,13%
1995,685,Anthony Young,/players/y/youngan01.shtml,youngan01,29,CHC,41.1,63%,2.8%,8.3%,7.7%,9.9%,38%,1.10,1.59,79%,24%,8.1%,10%,27,6,22%
